Run;K;level;LnProbData;meanLnLikelihood;varianceLnLikelihood;meanAlpha
46;8;morphology;-1029.3;-848.0;362.7;0.0394
49;5;morphology;-951.9;-875.2;153.3;0.0408
42;3;syntax;-1198.1;-1116.5;163.2;0.1092
21;6;phonology;-305.7;-228.9;153.5;0.0392
20;10;phonology;-398.4;-251.4;293.9;0.039
7;2;morphology;-1130.8;-1093.2;75.1;0.0558
35;7;morphology;-1035.9;-843.4;384.9;0.0401
39;9;phonology;-328.6;-241.6;174.0;0.0382
36;4;phonology;-272.3;-237.8;69.0;0.0437
2;10;morphology;-1123.1;-847.1;552.1;0.038
29;3;syntax;-1224.6;-1119.5;210.2;0.111
6;9;morphology;-1114.5;-848.9;531.2;0.0379
22;5;morphology;-951.8;-875.6;152.4;0.0415
17;6;syntax;-1383.2;-1060.5;645.5;0.0745
25;6;morphology;-1056.1;-856.7;398.8;0.0406
10;5;syntax;-1288.9;-1072.4;432.9;0.0998
42;8;phonology;-331.2;-235.5;191.4;0.0388
31;7;phonology;-337.0;-232.8;208.4;0.0389
37;10;syntax;-1447.5;-1072.8;749.4;0.0505
6;10;phonology;-395.4;-250.0;290.9;0.0386
39;2;syntax;-1269.8;-1218.3;103.0;0.1341
2;6;phonology;-326.6;-228.1;196.9;0.039
32;4;morphology;-951.6;-881.1;140.9;0.0401
26;5;phonology;-305.7;-222.6;166.3;0.0409
29;8;phonology;-356.1;-236.3;239.6;0.0395
5;6;syntax;-1379.1;-1065.0;628.1;0.0789
41;10;phonology;-363.2;-244.7;236.9;0.0382
40;6;phonology;-418.9;-415.4;6.9;8.0719
28;5;morphology;-951.1;-875.0;152.2;0.0413
27;8;morphology;-1073.2;-851.1;444.1;0.0391
23;3;syntax;-1214.7;-1117.6;194.2;0.1096
8;10;morphology;-1185.8;-858.5;654.7;0.0385
33;9;phonology;-372.5;-240.1;264.8;0.0389
48;3;syntax;-1205.4;-1116.8;177.1;0.1139
15;3;phonology;-304.6;-273.8;61.6;0.0527
43;5;morphology;-952.5;-876.1;152.9;0.042
23;8;phonology;-337.1;-240.0;194.3;0.0401
44;6;morphology;-1052.4;-858.3;388.2;0.0412
37;9;morphology;-1040.0;-858.9;362.1;0.0385
38;4;morphology;-950.3;-881.1;138.3;0.0397
8;6;phonology;-320.9;-229.2;183.5;0.0398
33;2;syntax;-1284.1;-1218.9;130.3;0.1423
50;7;phonology;-794.2;-233.7;1121.0;0.0933
6;5;morphology;-950.4;-876.6;147.7;0.0407
48;8;phonology;-344.7;-231.7;226.0;0.0392
15;8;syntax;-1566.0;-1053.3;1025.3;0.0569
47;5;phonology;-333.2;-226.8;212.8;0.0413
11;3;morphology;-1022.7;-970.0;105.5;0.0441
1;3;morphology;-1024.3;-970.1;108.5;0.0438
22;7;syntax;-1609.0;-1049.3;1119.3;0.0577
17;4;morphology;-949.9;-881.3;137.3;0.0398
18;9;morphology;-1015.2;-849.9;330.6;0.038
41;2;phonology;-337.8;-323.1;29.4;0.0826
49;7;syntax;-1484.7;-1052.4;864.7;0.0629
12;10;syntax;-1664.7;-1063.3;1202.8;0.0495
14;7;phonology;-1000.7;-242.0;1517.5;0.1236
35;5;syntax;-1254.8;-1078.5;352.5;0.1077
32;6;syntax;-1385.4;-1057.7;655.5;0.0736
45;2;morphology;-1131.2;-1093.2;76.0;0.0586
41;9;syntax;-1556.2;-1061.9;988.6;0.0531
13;4;phonology;-270.8;-237.5;66.6;0.0449
25;10;morphology;-1077.7;-849.1;457.1;0.0381
25;4;syntax;-1178.6;-1082.0;193.0;0.1331
10;7;morphology;-986.2;-852.7;266.9;0.0407
3;7;syntax;-1352.5;-1066.8;571.4;0.0605
4;7;phonology;-366.9;-227.4;279.1;0.0394
34;3;morphology;-1024.8;-970.1;109.4;0.0443
30;8;syntax;-1398.6;-1378.4;40.4;7.4178
20;2;phonology;-337.4;-322.7;29.4;0.0817
18;10;syntax;-1581.4;-1065.7;1031.4;0.0498
43;7;syntax;-1463.8;-1051.1;825.4;0.0642
16;2;syntax;-1268.7;-1218.1;101.1;0.1337
12;9;morphology;-1097.3;-848.2;498.3;0.0384
28;7;syntax;-1435.8;-1062.5;746.5;0.0642
30;3;phonology;-300.1;-276.1;48.1;0.0516
9;7;syntax;-1442.6;-1062.1;761.0;0.0652
44;10;morphology;-1022.5;-841.5;362.0;0.0378
24;2;morphology;-1131.0;-1093.1;75.8;0.0574
20;9;syntax;-1646.2;-1055.4;1181.7;0.0528
19;4;phonology;-273.8;-237.3;72.9;0.0445
44;4;syntax;-1184.7;-1080.5;208.5;0.1338
16;9;phonology;-417.1;-413.9;6.3;5.1992
38;6;syntax;-1313.1;-1071.0;484.1;0.0753
12;2;syntax;-1268.3;-1218.0;100.6;0.1292
16;9;morphology;-1040.0;-851.3;377.5;0.0391
19;4;morphology;-952.5;-881.4;142.2;0.0404
50;5;syntax;-1288.8;-1069.0;439.7;0.095
30;3;morphology;-1024.0;-970.3;107.6;0.0448
34;8;syntax;-1723.3;-1050.8;1345.1;0.0558
47;7;syntax;-1275.4;-1088.1;374.6;0.069
24;2;phonology;-338.3;-323.0;30.5;0.0936
40;4;syntax;-1178.6;-1081.9;193.4;0.1486
12;9;phonology;-4037.9;-310.5;7454.9;1.8389
4;4;morphology;-951.1;-881.3;139.7;0.0399
34;3;phonology;-307.3;-274.8;64.8;0.053
20;2;morphology;-1131.4;-1093.3;76.2;0.0559
24;9;syntax;-1626.8;-1055.2;1143.2;0.0524
40;10;morphology;-1108.0;-847.6;520.9;0.0381
4;8;morphology;-996.9;-852.4;289.0;0.0384
10;7;phonology;-986.7;-240.0;1493.3;0.1024
16;10;syntax;-1597.3;-1071.1;1052.4;0.0496
31;5;syntax;-1278.3;-1069.3;418.1;0.0906
5;3;morphology;-1024.2;-970.2;107.9;0.0445
13;4;morphology;-950.0;-880.9;138.3;0.0403
18;2;syntax;-1269.3;-1218.1;102.5;0.1309
45;2;phonology;-337.3;-323.0;28.6;0.0837
26;7;syntax;-1416.4;-1062.1;708.7;0.066
7;7;syntax;-1332.9;-1072.6;520.5;0.0637
14;7;morphology;-1010.9;-852.2;317.5;0.0397
21;4;syntax;-1179.8;-1082.0;195.5;0.1351
36;6;syntax;-1328.5;-1060.1;536.7;0.071
21;10;morphology;-1080.2;-853.6;453.2;0.0377
41;2;morphology;-1131.1;-1093.2;75.7;0.0561
18;9;phonology;-366.7;-239.8;253.9;0.0388
45;9;syntax;-1436.9;-1064.0;745.8;0.0516
17;4;phonology;-270.9;-237.5;67.0;0.044
9;2;morphology;-1130.6;-1093.3;74.7;0.0556
11;3;phonology;-305.6;-279.2;52.7;0.053
47;5;morphology;-952.1;-874.5;155.2;0.0411
48;8;morphology;-1013.5;-831.7;363.7;0.0381
23;8;morphology;-1078.0;-856.0;443.9;0.0396
27;3;syntax;-1203.3;-1116.1;174.3;0.1082
8;9;morphology;-1065.8;-860.4;410.8;0.0388
45;10;phonology;-370.4;-245.0;250.9;0.0393
19;6;syntax;-1313.5;-1075.4;476.2;0.0772
44;6;phonology;-306.0;-227.4;157.2;0.0396
38;4;phonology;-277.6;-237.6;79.9;0.0448
37;9;phonology;-419.6;-415.4;8.4;7.0606
50;7;morphology;-1029.3;-848.6;361.4;0.0402
2;5;morphology;-951.3;-875.6;151.4;0.041
39;10;syntax;-1532.6;-1075.0;915.2;0.0486
11;8;syntax;-1451.6;-1071.1;761.1;0.0558
43;5;phonology;-323.3;-225.2;196.3;0.0409
15;3;morphology;-1023.6;-970.2;106.8;0.0431
40;6;morphology;-1030.2;-852.0;356.4;0.0405
27;8;phonology;-2132.7;-262.6;3740.1;0.4523
28;5;phonology;-330.6;-227.2;206.7;0.0412
8;10;phonology;-381.6;-244.7;273.9;0.0387
33;9;morphology;-1031.5;-855.9;351.4;0.0389
37;2;syntax;-1270.2;-1218.0;104.5;0.1348
6;10;morphology;-1046.8;-851.0;391.6;0.0381
32;4;phonology;-272.2;-237.9;68.7;0.0446
13;6;syntax;-1390.8;-1075.6;630.4;0.0812
2;9;morphology;-1039.8;-835.2;409.2;0.0379
29;8;morphology;-1039.7;-854.2;370.9;0.0403
26;5;morphology;-951.9;-875.0;153.9;0.0417
25;6;phonology;-1754.9;-242.0;3025.8;0.1758
24;10;phonology;-369.8;-246.8;246.0;0.039
42;8;morphology;-1035.2;-849.7;371.0;0.0397
46;3;syntax;-1224.9;-1119.1;211.6;0.1103
3;2;morphology;-1131.3;-1093.2;76.2;0.0567
31;7;morphology;-1023.0;-839.8;366.4;0.0394
6;6;phonology;-342.7;-228.4;228.6;0.0398
36;4;morphology;-959.6;-881.7;155.8;0.0396
39;9;morphology;-1076.6;-860.1;433.1;0.039
2;10;phonology;-419.6;-415.7;7.6;7.7446
22;5;phonology;-318.8;-226.6;184.5;0.0406
1;6;syntax;-1376.5;-1069.6;613.8;0.0772
49;5;phonology;-325.9;-226.3;199.2;0.041
14;5;syntax;-1270.6;-1071.9;397.3;0.0944
46;8;phonology;-350.7;-233.4;234.6;0.0393
21;6;morphology;-1060.1;-857.8;404.7;0.0413
33;10;syntax;-1482.0;-1054.9;854.1;0.0506
35;7;phonology;-377.8;-235.0;285.4;0.0397
8;5;morphology;-952.9;-875.1;155.6;0.0416
7;5;syntax;-1256.7;-1076.9;359.5;0.0962
40;5;syntax;-1285.7;-1076.9;417.6;0.1034
12;8;phonology;-375.4;-234.9;280.9;0.039
24;8;syntax;-1533.9;-1048.4;971.1;0.0537
20;3;morphology;-1070.8;-973.6;194.4;0.0464
34;2;phonology;-338.6;-323.1;30.8;0.087
50;4;syntax;-1182.3;-1081.4;201.8;0.133
16;8;morphology;-983.3;-851.5;263.7;0.0387
19;5;morphology;-952.0;-875.2;153.5;0.041
12;3;syntax;-1241.0;-1125.5;231.0;0.1209
24;3;phonology;-302.4;-274.6;55.6;0.0528
47;6;syntax;-1362.3;-1062.2;600.2;0.0739
34;9;syntax;-1522.2;-1061.1;922.2;0.0521
30;2;morphology;-1130.9;-1093.2;75.4;0.0568
50;10;morphology;-1060.8;-849.1;423.4;0.0381
4;6;morphology;-997.3;-849.5;295.5;0.0414
1;10;syntax;-1587.4;-1072.0;1030.9;0.049
21;5;syntax;-1307.9;-1070.5;474.7;0.0997
14;6;morphology;-1021.5;-852.5;338.0;0.0404
45;8;syntax;-1585.8;-1062.5;1046.6;0.0572
18;8;phonology;-344.6;-240.8;207.5;0.0396
17;5;phonology;-308.2;-223.7;169.1;0.0406
41;3;morphology;-1031.0;-970.5;120.9;0.044
36;7;syntax;-1456.6;-1054.1;805.0;0.0601
7;9;syntax;-1630.5;-1066.4;1128.2;0.0516
31;4;syntax;-1178.4;-1081.7;193.3;0.1383
11;10;phonology;-401.1;-248.4;305.4;0.039
10;6;phonology;-332.5;-228.7;207.7;0.0398
6;2;syntax;-1269.9;-1218.2;103.4;0.1297
26;6;syntax;-1395.0;-1069.3;651.4;0.0728
45;3;phonology;-303.5;-273.7;59.5;0.052
18;3;syntax;-1214.9;-1118.2;193.4;0.1123
13;5;morphology;-952.4;-875.3;154.0;0.0406
31;10;morphology;-1086.5;-851.3;470.4;0.0381
1;2;phonology;-337.7;-323.0;29.5;0.0843
15;2;morphology;-1131.4;-1093.3;76.3;0.0535
11;9;syntax;-1605.3;-1051.9;1106.8;0.051
1;4;syntax;-1176.4;-1080.5;191.9;0.1331
43;4;phonology;-271.7;-237.3;68.8;0.0445
6;4;phonology;-272.6;-238.0;69.2;0.0442
37;3;syntax;-1223.2;-1119.0;208.5;0.1106
33;8;morphology;-1020.9;-857.8;326.3;0.0402
8;7;morphology;-1037.7;-853.8;367.8;0.041
27;9;phonology;-357.6;-239.8;235.5;0.0385
28;4;phonology;-271.2;-237.5;67.4;0.045
40;7;morphology;-1146.0;-844.7;602.5;0.0393
29;10;syntax;-1523.3;-1066.7;913.1;0.0493
47;4;morphology;-950.1;-881.1;138.0;0.0394
48;9;morphology;-1043.6;-851.5;384.1;0.0389
11;2;phonology;-338.3;-323.2;30.2;0.0881
50;6;morphology;-984.1;-848.3;271.6;0.0397
38;5;phonology;-330.2;-228.0;204.5;0.0417
37;8;phonology;-581.8;-242.4;678.9;0.0499
42;10;syntax;-1769.0;-1054.1;1429.8;0.0497
44;7;phonology;-350.1;-235.8;228.5;0.0393
19;7;syntax;-1504.3;-1063.0;882.5;0.0634
27;2;syntax;-1268.9;-1217.9;102.1;0.1325
23;9;morphology;-1053.0;-838.5;429.0;0.0382
14;10;morphology;-1040.9;-841.5;398.9;0.0377
22;4;phonology;-272.7;-237.7;69.9;0.0444
2;7;morphology;-1064.7;-854.8;419.7;0.0395
36;5;morphology;-952.7;-875.5;154.5;0.0403
39;8;morphology;-1094.8;-842.1;505.3;0.0386
34;10;phonology;-378.9;-245.6;266.6;0.0389
35;6;phonology;-324.1;-227.7;192.8;0.0402
21;7;morphology;-1045.0;-855.7;378.6;0.0401
14;4;syntax;-1180.3;-1083.5;193.7;0.144
49;4;phonology;-272.7;-238.2;69.1;0.045
46;9;phonology;-383.9;-244.8;278.3;0.0387
29;9;morphology;-1226.9;-850.2;753.3;0.0388
26;4;morphology;-951.0;-881.3;139.4;0.0402
13;7;syntax;-1378.1;-1072.8;610.6;0.066
48;10;syntax;-1398.4;-1378.3;40.2;6.7526
6;8;phonology;-360.6;-237.7;245.8;0.0389
32;5;phonology;-297.6;-222.2;150.6;0.0408
1;8;syntax;-1493.2;-1059.9;866.6;0.0552
7;3;phonology;-301.3;-275.0;52.6;0.0511
31;6;morphology;-1009.2;-850.5;317.4;0.0409
46;2;syntax;-1274.9;-1218.7;112.3;0.1379
42;9;morphology;-1133.1;-853.8;558.6;0.0385
25;7;phonology;-3202.5;-272.3;5860.5;0.7596
23;10;syntax;-1615.4;-1066.3;1098.0;0.051
8;4;phonology;-275.5;-239.7;71.8;0.0437
30;10;phonology;-381.0;-248.1;265.9;0.0383
31;6;phonology;-315.7;-228.1;175.1;0.0402
10;4;syntax;-1176.4;-1082.3;188.2;0.1389
42;9;phonology;-349.9;-241.9;215.9;0.0388
25;7;morphology;-990.9;-851.3;279.2;0.0393
26;4;phonology;-272.0;-237.5;68.8;0.0449
29;9;phonology;-418.9;-414.9;8.1;5.628
10;10;morphology;-1063.5;-849.3;428.5;0.038
32;5;morphology;-950.8;-875.5;150.6;0.0406
39;3;syntax;-1209.3;-1117.1;184.5;0.117
6;7;morphology;-1021.0;-853.0;336.1;0.04
35;6;morphology;-997.5;-850.4;294.1;0.0403
3;3;phonology;-299.5;-276.0;47.2;0.0524
27;10;syntax;-1464.4;-1074.4;779.9;0.0495
21;7;phonology;-344.9;-231.9;226.1;0.0395
42;2;syntax;-1272.0;-1218.3;107.4;0.132
46;9;morphology;-993.7;-855.6;276.2;0.0388
4;3;syntax;-1232.4;-1120.8;223.2;0.1097
49;4;morphology;-950.8;-881.6;138.3;0.0394
17;7;syntax;-1497.5;-1050.1;894.9;0.0614
2;8;phonology;-351.8;-236.1;231.6;0.0385
22;4;morphology;-951.0;-881.3;139.4;0.0399
29;2;syntax;-1270.0;-1218.4;103.3;0.1354
5;8;syntax;-1498.5;-1067.0;862.9;0.057
39;8;phonology;-419.8;-415.9;7.8;7.5093
36;5;phonology;-326.6;-225.8;201.6;0.0411
50;6;phonology;-329.2;-228.9;200.7;0.0389
33;3;syntax;-1225.2;-1119.8;210.8;0.1096
37;8;morphology;-978.7;-850.4;256.7;0.04
38;5;morphology;-970.6;-874.3;192.7;0.0415
44;7;morphology;-1039.5;-855.0;369.1;0.0404
23;9;phonology;-3176.7;-294.2;5765.1;0.7102
11;2;morphology;-1131.5;-1093.2;76.6;0.0566
5;4;syntax;-1179.1;-1081.1;196.0;0.1318
15;9;syntax;-1614.6;-1045.1;1139.1;0.0506
48;9;phonology;-384.2;-247.9;272.7;0.0393
47;4;phonology;-274.2;-238.1;72.2;0.045
2;4;phonology;-277.2;-239.4;75.7;0.0447
33;8;phonology;-372.3;-236.4;271.8;0.0392
23;2;syntax;-1269.3;-1218.3;102.0;0.1345
28;4;morphology;-951.3;-881.4;139.8;0.0399
27;9;morphology;-1060.9;-854.3;413.2;0.0391
8;8;phonology;-3686.2;-351.6;6669.2;3.8075
40;7;phonology;-327.6;-232.3;190.5;0.0394
46;10;syntax;-1637.3;-1056.6;1161.3;0.0485
43;4;morphology;-950.9;-881.2;139.4;0.0404
15;2;phonology;-338.3;-323.1;30.3;0.0844
48;2;syntax;-1287.2;-1219.2;136.0;0.141
9;3;phonology;-303.0;-274.9;56.1;0.0514
9;5;syntax;-1283.5;-1066.0;434.9;0.0917
41;8;syntax;-1508.5;-1053.5;909.9;0.0577
13;5;phonology;-324.2;-227.2;194.1;0.0415
45;3;morphology;-1024.8;-970.2;109.1;0.0441
32;7;syntax;-1446.9;-1066.4;761.0;0.0644
5;10;syntax;-1475.9;-1077.5;796.8;0.0506
10;6;morphology;-1046.1;-856.9;378.5;0.0403
25;5;syntax;-1318.9;-1068.4;501.0;0.0942
41;3;phonology;-296.2;-275.7;41.1;0.0527
17;5;morphology;-952.0;-876.7;150.6;0.0394
18;8;morphology;-1026.2;-846.3;359.8;0.0391
2;2;syntax;-1269.6;-1218.3;102.5;0.1302
22;6;syntax;-1302.7;-1062.9;479.7;0.0779
35;10;morphology;-1111.8;-856.2;511.1;0.0385
5;2;phonology;-338.3;-323.4;29.8;0.0891
3;9;syntax;-1566.6;-1057.3;1018.5;0.0543
35;4;syntax;-1182.2;-1080.3;203.8;0.1337
4;9;phonology;-473.7;-243.7;460.1;0.0453
15;10;phonology;-362.0;-247.6;228.8;0.0387
14;6;phonology;-340.9;-230.6;220.5;0.0404
49;6;syntax;-1405.0;-1063.3;683.4;0.0746
20;8;syntax;-1532.3;-1056.6;951.4;0.0571
24;3;morphology;-1023.4;-970.0;106.9;0.045
30;2;phonology;-338.5;-323.2;30.6;0.0876
38;7;syntax;-1562.9;-1041.4;1043.0;0.0632
4;5;phonology;-297.5;-221.4;152.2;0.0413
44;5;syntax;-1297.2;-1062.4;469.7;0.0875
19;5;phonology;-315.2;-223.4;183.7;0.0403
16;8;phonology;-349.8;-236.0;227.5;0.0389
3;5;syntax;-1286.4;-1065.8;441.2;0.0849
43;6;syntax;-1424.7;-1059.4;730.6;0.0737
20;3;phonology;-303.8;-273.5;60.7;0.0509
30;9;syntax;-1629.8;-1055.6;1148.3;0.0509
34;2;morphology;-1131.0;-1093.1;75.7;0.0558
9;9;syntax;-1571.8;-1058.3;1027.0;0.0538
28;6;syntax;-1291.9;-1078.3;427.3;0.0788
8;2;syntax;-1327.0;-1221.9;210.2;0.1526
12;8;morphology;-1063.3;-851.3;424.0;0.0388
16;3;syntax;-1206.2;-1116.8;178.8;0.1112
39;8;syntax;-1447.7;-1064.2;766.9;0.0533
36;5;syntax;-1321.5;-1065.4;512.2;0.0919
29;2;phonology;-339.5;-323.3;32.3;0.0977
11;10;syntax;-1609.2;-1054.6;1109.2;0.0493
17;7;phonology;-3405.6;-274.8;6261.6;0.9285
3;8;morphology;-1047.8;-855.5;384.6;0.0391
42;2;phonology;-338.7;-323.3;30.9;0.0859
14;4;morphology;-951.5;-881.2;140.5;0.0397
21;7;syntax;-1387.0;-1066.8;640.5;0.0632
2;3;morphology;-1072.8;-1006.7;132.1;0.0482
7;7;phonology;-4544.8;-336.3;8417.1;1.719
39;3;phonology;-306.6;-275.9;61.5;0.053
13;7;morphology;-1031.8;-853.5;356.6;0.0404
26;4;syntax;-1177.6;-1080.6;194.0;0.1338
29;9;syntax;-1600.8;-1066.6;1068.5;0.0524
26;10;morphology;-1084.5;-857.5;454.0;0.0388
10;4;phonology;-272.0;-239.2;65.5;0.0437
42;9;syntax;-1560.2;-1056.0;1008.5;0.0508
46;2;morphology;-1130.8;-1093.1;75.4;0.0566
31;6;syntax;-1395.8;-1066.7;658.1;0.0732
9;4;morphology;-951.0;-881.3;139.3;0.04
8;3;morphology;-1024.0;-970.2;107.7;0.045
11;9;morphology;-1046.9;-843.2;407.4;0.0385
48;2;phonology;-337.6;-322.9;29.4;0.0785
15;2;syntax;-1274.0;-1218.7;110.6;0.1394
9;8;morphology;-1039.3;-844.0;390.5;0.0388
40;7;syntax;-1528.3;-1056.4;943.7;0.0581
23;2;phonology;-341.7;-324.5;34.4;0.0825
33;8;syntax;-1627.1;-1055.3;1143.5;0.0564
37;3;morphology;-1024.0;-970.1;107.8;0.0446
3;4;morphology;-951.3;-881.3;140.0;0.0403
48;9;syntax;-1602.5;-1051.6;1101.9;0.0516
15;9;phonology;-361.9;-236.9;250.1;0.0379
47;4;syntax;-1185.3;-1080.5;209.8;0.1366
23;9;syntax;-1549.6;-1045.7;1007.7;0.0523
27;2;morphology;-1130.9;-1093.0;75.8;0.0569
19;7;morphology;-978.5;-843.8;269.4;0.0391
47;10;morphology;-1051.2;-860.0;382.4;0.0382
33;3;phonology;-303.5;-275.8;55.4;0.0514
50;6;syntax;-1405.9;-1062.0;687.7;0.0729
48;10;phonology;-2246.3;-382.0;3728.7;2.9836
49;6;phonology;-313.5;-226.9;173.1;0.0405
14;6;syntax;-1407.1;-1060.7;692.9;0.0749
21;5;morphology;-949.5;-876.7;145.6;0.0401
5;9;morphology;-1054.0;-841.5;424.9;0.0382
1;10;morphology;-1049.5;-855.1;388.8;0.0383
35;4;phonology;-272.1;-238.1;68.1;0.0458
36;7;morphology;-1007.6;-853.6;307.8;0.0402
4;2;morphology;-1131.1;-1093.3;75.6;0.0553
23;10;phonology;-402.2;-255.9;292.5;0.0394
22;6;phonology;-309.8;-227.9;163.8;0.039
41;3;syntax;-1205.4;-1117.1;176.5;0.1136
45;8;morphology;-1017.5;-851.2;332.5;0.0396
6;6;syntax;-1353.9;-1064.6;578.6;0.0759
25;5;phonology;-310.0;-223.9;172.3;0.0415
31;4;morphology;-951.0;-881.2;139.7;0.0402
1;6;phonology;-349.1;-235.7;226.8;0.0399
5;10;phonology;-380.4;-245.3;270.2;0.039
32;7;phonology;-316.0;-228.9;174.1;0.0389
34;10;syntax;-3237.0;-1363.1;3747.8;6.4857
41;8;phonology;-332.3;-235.5;193.7;0.0397
13;5;syntax;-1278.9;-1072.6;412.5;0.0941
18;3;morphology;-1024.6;-970.3;108.7;0.0443
26;6;morphology;-1019.2;-852.0;334.4;0.0402
40;5;morphology;-951.1;-874.6;152.9;0.0404
16;3;phonology;-301.6;-275.5;52.3;0.0529
28;6;phonology;-323.6;-225.3;196.7;0.0395
29;10;phonology;-382.4;-245.9;273.0;0.0395
30;9;phonology;-340.8;-243.8;193.9;0.039
20;3;syntax;-1238.2;-1127.9;220.7;0.1208
24;8;morphology;-1015.3;-847.2;336.3;0.0387
43;6;phonology;-313.1;-229.9;166.2;0.0392
42;10;phonology;-394.8;-244.7;300.2;0.0386
12;3;morphology;-1024.3;-970.2;108.1;0.0435
19;5;syntax;-1273.5;-1078.1;390.7;0.1077
44;5;phonology;-304.5;-236.9;135.1;0.041
16;8;syntax;-1554.1;-1062.8;982.6;0.0567
38;7;phonology;-418.6;-415.0;7.2;5.3838
5;5;morphology;-1003.7;-868.0;271.5;0.0405
50;4;morphology;-952.3;-881.4;141.9;0.0401
30;2;syntax;-1269.3;-1218.0;102.7;0.1342
34;9;morphology;-1103.3;-848.9;508.9;0.0381
47;6;morphology;-1030.3;-854.2;352.3;0.0402
20;8;phonology;-344.0;-238.7;210.7;0.0388
34;9;phonology;-357.5;-238.2;238.5;0.038
47;6;phonology;-332.6;-230.3;204.8;0.0407
46;10;phonology;-392.1;-245.8;292.8;0.0391
24;3;syntax;-1239.9;-1125.2;229.5;0.1219
20;8;morphology;-1067.9;-855.1;425.5;0.0399
44;5;morphology;-977.5;-872.7;209.5;0.0405
12;3;phonology;-299.6;-276.1;47.1;0.0511
38;7;morphology;-1008.8;-848.3;321.1;0.0407
50;4;phonology;-270.9;-237.7;66.4;0.0451
34;2;syntax;-1268.9;-1218.2;101.5;0.1339
30;9;morphology;-998.5;-834.7;327.6;0.038
24;8;phonology;-356.8;-235.6;242.5;0.0395
8;6;syntax;-1368.2;-1073.7;588.9;0.0753
43;6;morphology;-1066.0;-856.9;418.3;0.0409
16;3;morphology;-1023.9;-970.0;107.7;0.044
40;5;phonology;-339.4;-226.3;226.1;0.0409
12;8;syntax;-1378.1;-1072.7;610.9;0.0586
28;6;morphology;-1019.8;-853.0;333.7;0.0412
1;5;morphology;-956.6;-874.8;163.5;0.0407
32;7;morphology;-1054.0;-852.1;403.8;0.0409
18;3;phonology;-304.2;-274.5;59.5;0.0515
45;3;syntax;-1209.6;-1117.6;184.0;0.1078
41;8;morphology;-1027.2;-848.5;357.4;0.0396
27;10;phonology;-418.9;-415.2;7.2;7.3203
26;6;phonology;-335.0;-227.7;214.6;0.0393
25;5;morphology;-967.6;-873.1;189.0;0.0411
1;9;morphology;-1024.1;-849.5;349.3;0.0391
10;6;syntax;-1368.2;-1060.1;616.2;0.0774
31;4;phonology;-274.2;-238.9;70.5;0.0436
5;10;morphology;-1104.9;-843.8;522.2;0.0371
30;10;syntax;-1593.3;-1057.7;1071.1;0.0503
36;7;phonology;-339.9;-235.7;208.4;0.0389
22;6;morphology;-963.7;-847.1;233.3;0.0403
18;8;syntax;-1478.1;-1071.8;812.6;0.0557
45;8;phonology;-340.1;-236.4;207.3;0.0386
17;5;syntax;-1277.2;-1074.2;406.1;0.0982
49;6;morphology;-963.4;-847.4;231.8;0.0405
2;6;syntax;-1309.5;-1062.5;493.9;0.0774
21;5;phonology;-351.5;-229.9;243.2;0.0421
1;10;phonology;-1623.1;-263.7;2718.8;0.2008
35;4;morphology;-1276.7;-901.9;749.5;0.0437
5;6;phonology;-322.3;-228.1;188.4;0.0401
27;2;phonology;-339.4;-323.7;31.4;0.0871
19;7;phonology;-3710.7;-285.0;6851.5;1.3245
44;7;syntax;-1513.2;-1050.5;925.5;0.0631
38;5;syntax;-1247.0;-1078.1;337.8;0.0955
37;8;syntax;-1566.0;-1060.8;1010.4;0.055
33;3;morphology;-1024.5;-970.2;108.6;0.0445
15;9;morphology;-1071.3;-846.0;450.5;0.039
11;2;syntax;-1268.6;-1217.9;101.5;0.1332
43;10;morphology;-1033.4;-853.0;360.7;0.0381
27;9;syntax;-1618.2;-1046.1;1144.3;0.0513
28;4;syntax;-1183.9;-1079.3;209.3;0.1302
23;2;morphology;-1131.0;-1093.2;75.5;0.0552
9;7;phonology;-328.3;-232.2;192.3;0.0396
37;3;phonology;-303.2;-275.3;55.9;0.0518
7;4;morphology;-950.4;-881.1;138.7;0.0397
28;10;morphology;-1227.9;-860.8;734.2;0.0384
48;2;morphology;-1130.9;-1093.2;75.5;0.056
11;9;phonology;-380.6;-237.3;286.7;0.0385
43;4;syntax;-1175.9;-1081.2;189.3;0.1351
25;7;syntax;-1542.0;-1063.3;957.5;0.0653
46;2;phonology;-337.8;-323.1;29.3;0.0792
10;4;morphology;-949.8;-881.0;137.7;0.0401
6;3;morphology;-1024.7;-970.1;109.3;0.0448
39;3;morphology;-1024.2;-970.3;107.9;0.0441
32;5;syntax;-1299.0;-1063.1;471.7;0.0909
13;7;phonology;-323.4;-232.1;182.6;0.0395
15;10;syntax;-1701.2;-1066.4;1269.5;0.0542
7;8;morphology;-1020.3;-830.1;380.4;0.0383
49;4;syntax;-1176.6;-1081.7;189.7;0.1412
14;4;phonology;-271.9;-238.0;67.7;0.0446
46;9;syntax;-1499.5;-1058.3;882.5;0.0538
42;2;morphology;-1130.8;-1093.3;75.0;0.0545
22;10;morphology;-1123.6;-853.8;539.6;0.0388
35;6;syntax;-1381.9;-1060.4;643.1;0.0707
3;7;phonology;-357.6;-233.8;247.7;0.0395
29;2;morphology;-1130.6;-1093.2;75.0;0.0553
22;4;syntax;-1177.3;-1081.2;192.2;0.1347
49;10;morphology;-1121.9;-847.8;548.2;0.0379
4;7;syntax;-1560.8;-1058.1;1005.5;0.0618
17;7;morphology;-993.5;-848.2;290.6;0.0407
43;7;morphology;-1064.3;-858.5;411.6;0.0401
24;9;phonology;-351.9;-239.9;224.1;0.039
30;8;morphology;-1071.4;-843.7;455.5;0.0388
34;3;syntax;-1229.6;-1121.5;216.1;0.1144
5;4;phonology;-272.1;-237.9;68.4;0.0438
28;7;morphology;-1055.1;-840.3;429.6;0.0397
40;4;phonology;-272.5;-237.5;70.1;0.0456
12;9;syntax;-1619.9;-1058.0;1123.7;0.0525
2;4;syntax;-1178.7;-1082.2;193.0;0.1386
16;2;morphology;-1131.1;-1093.1;76.1;0.057
20;9;morphology;-1082.3;-843.0;478.6;0.0389
24;2;syntax;-1268.6;-1218.1;101.0;0.1317
41;10;syntax;-1565.3;-1056.3;1018.0;0.0476
47;7;phonology;-419.1;-415.8;6.5;7.6212
34;8;phonology;-371.8;-243.5;256.6;0.0392
8;8;syntax;-1415.8;-1070.9;689.7;0.0582
50;5;phonology;-331.6;-231.1;201.1;0.0417
38;6;morphology;-1023.0;-851.8;342.2;0.0407
12;2;phonology;-339.1;-323.6;31.0;0.0932
44;4;morphology;-950.4;-881.2;138.5;0.0401
9;3;syntax;-1233.1;-1121.5;223.1;0.1163
45;9;phonology;-389.1;-241.1;295.8;0.0394
18;9;syntax;-1580.9;-1057.0;1047.8;0.0521
8;4;syntax;-1182.0;-1080.2;203.6;0.1353
17;4;syntax;-1180.4;-1081.7;197.4;0.1376
22;7;morphology;-1025.3;-853.8;343.0;0.0398
36;6;phonology;-340.0;-230.0;220.1;0.0403
37;10;phonology;-2702.7;-286.3;4832.7;0.4873
35;5;morphology;-952.6;-875.0;155.3;0.0407
1;7;morphology;-989.9;-849.3;281.1;0.0399
21;4;phonology;-273.1;-237.9;70.3;0.0453
17;10;morphology;-1051.1;-849.7;402.8;0.0382
49;7;morphology;-951.7;-847.7;207.9;0.0408
26;7;phonology;-367.1;-232.4;269.5;0.0395
20;10;syntax;-1566.2;-1062.8;1006.8;0.0486
3;3;syntax;-1221.8;-1131.4;180.8;0.124
41;9;morphology;-1035.1;-847.7;374.8;0.0382
45;2;syntax;-1269.0;-1217.9;102.2;0.1359
18;2;phonology;-339.9;-323.5;32.7;0.0893
32;6;morphology;-1052.6;-853.8;397.6;0.0398
4;3;phonology;-303.8;-274.1;59.4;0.0523
2;8;syntax;-1460.2;-1063.6;793.4;0.0564
31;5;phonology;-323.8;-224.9;197.9;0.0415
5;8;phonology;-346.7;-237.4;218.6;0.0396
10;7;syntax;-1387.9;-1074.4;627.0;0.0645
25;4;morphology;-950.6;-881.2;138.8;0.0408
37;2;phonology;-339.2;-323.4;31.7;0.0946
8;10;syntax;-1513.2;-1055.3;915.9;0.0499
23;3;morphology;-1024.1;-970.1;107.8;0.0452
27;8;syntax;-1594.9;-1047.8;1094.3;0.0552
28;5;syntax;-1267.0;-1069.1;395.8;0.0995
11;8;phonology;-381.0;-235.0;291.9;0.0402
43;5;syntax;-1310.5;-1074.6;471.9;0.1019
48;3;morphology;-1024.1;-970.1;108.0;0.0441
4;5;syntax;-1286.6;-1069.6;433.8;0.0915
3;5;phonology;-340.2;-227.1;226.2;0.0411
33;2;morphology;-1131.2;-1093.2;76.0;0.0564
38;4;syntax;-1182.5;-1080.4;204.3;0.1325
37;9;syntax;-1616.5;-1041.6;1149.7;0.0505
18;10;phonology;-343.9;-246.4;194.9;0.039
44;6;syntax;-1431.5;-1060.5;742.0;0.0734
19;6;phonology;-345.4;-233.6;223.5;0.0401
9;9;phonology;-355.6;-238.9;233.4;0.0391
27;3;phonology;-304.7;-275.2;59.0;0.0523
11;3;syntax;-1214.7;-1118.3;192.8;0.115
15;8;morphology;-1080.5;-864.9;431.3;0.039
38;10;morphology;-1091.4;-845.3;492.4;0.0381
8;2;phonology;-337.5;-322.7;29.7;0.0863
35;7;syntax;-1358.9;-1074.3;569.2;0.0669
9;5;phonology;-332.0;-228.1;207.8;0.0406
42;3;morphology;-1023.9;-970.1;107.7;0.0455
14;5;phonology;-333.1;-225.8;214.5;0.0407
49;5;syntax;-1289.1;-1066.7;444.7;0.0964
46;8;syntax;-1608.2;-1052.7;1110.9;0.0563
17;6;morphology;-1062.8;-861.5;402.5;0.0412
22;5;syntax;-1257.1;-1080.2;353.8;0.0971
29;3;morphology;-1024.3;-970.2;108.2;0.0441
2;10;syntax;-1818.1;-1056.6;1523.0;0.047
7;6;morphology;-1030.6;-852.2;356.7;0.0404
2;2;phonology;-338.0;-323.1;29.9;0.0861
32;10;morphology;-1043.9;-842.4;403.1;0.0372
10;5;morphology;-951.4;-875.2;152.4;0.042
46;3;phonology;-298.5;-276.5;44.1;0.0531
25;6;syntax;-1387.1;-1058.2;657.7;0.0788
5;2;syntax;-1276.2;-1218.9;114.5;0.1314
3;9;phonology;-352.2;-241.8;220.7;0.0388
13;6;phonology;-339.4;-232.1;214.6;0.0391
12;10;phonology;-417.6;-414.6;6.0;4.1733
32;4;syntax;-1182.3;-1081.1;202.4;0.1303
39;2;morphology;-1131.6;-1093.3;76.6;0.0553
4;9;syntax;-1786.8;-1069.7;1434.3;0.0535
26;5;syntax;-1303.0;-1066.6;472.9;0.0963
29;8;syntax;-1611.1;-1058.5;1105.1;0.0569
13;6;morphology;-983.7;-849.0;269.4;0.0409
3;6;morphology;-1009.1;-852.8;312.7;0.0409
39;2;phonology;-338.2;-323.8;28.9;0.0786
6;10;syntax;-1527.3;-1051.1;952.4;0.0488
31;7;syntax;-1354.1;-1059.9;588.2;0.0653
46;3;morphology;-1024.2;-970.1;108.3;0.0454
10;5;phonology;-310.1;-226.7;166.9;0.0415
42;8;syntax;-1493.9;-1059.9;868.0;0.0556
17;6;phonology;-320.7;-226.7;188.2;0.04
16;10;phonology;-373.4;-248.1;250.5;0.0391
29;3;phonology;-302.2;-275.2;54.1;0.0529
7;9;phonology;-343.2;-243.8;198.9;0.0385
39;9;syntax;-1494.4;-1058.9;871.0;0.0509
36;4;syntax;-1173.1;-1082.4;181.3;0.1399
6;2;phonology;-338.9;-323.1;31.5;0.0933
36;10;morphology;-1085.5;-854.4;462.3;0.0378
21;6;syntax;-1356.6;-1065.1;582.9;0.0771
1;2;syntax;-1275.3;-1218.7;113.2;0.139
14;5;morphology;-972.4;-873.6;197.6;0.0417
42;3;phonology;-295.2;-275.2;39.9;0.0517
15;8;phonology;-337.9;-235.3;205.2;0.0381
48;8;syntax;-1544.9;-1047.1;995.6;0.0541
47;5;syntax;-1273.2;-1065.0;416.4;0.0913
7;5;phonology;-312.7;-223.9;177.6;0.0413
50;7;syntax;-1534.0;-1059.0;950.0;0.0643
33;2;phonology;-338.4;-323.5;29.9;0.0815
9;6;morphology;-998.4;-850.1;296.7;0.0402
19;6;morphology;-970.7;-846.7;248.0;0.042
27;3;morphology;-1024.7;-970.1;109.1;0.0455
23;8;syntax;-1646.7;-1047.0;1199.3;0.0567
15;3;syntax;-1225.0;-1120.4;209.1;0.1139
48;3;phonology;-301.4;-277.6;47.6;0.0535
11;8;morphology;-1018.8;-854.1;329.4;0.0398
37;2;morphology;-1131.1;-1093.2;76.0;0.0553
33;9;syntax;-1525.3;-1056.6;937.5;0.053
23;3;phonology;-298.8;-277.1;43.5;0.052
40;6;syntax;-1407.3;-1063.5;687.6;0.0745
5;7;morphology;-1122.2;-842.7;559.1;0.0392
31;5;morphology;-950.1;-875.2;149.8;0.0411
13;10;morphology;-1042.8;-845.3;394.8;0.0378
25;4;phonology;-271.6;-237.7;67.7;0.0442
26;7;morphology;-1015.4;-854.1;322.5;0.0414
18;2;morphology;-1130.7;-1093.1;75.3;0.055
41;9;phonology;-396.9;-244.9;303.8;0.0391
13;4;syntax;-1178.9;-1083.4;190.9;0.1425
32;6;phonology;-317.8;-229.9;175.8;0.0395
33;10;phonology;-417.4;-414.7;5.3;4.8822
35;5;phonology;-327.4;-225.3;204.1;0.0411
6;8;syntax;-1549.1;-1055.2;987.9;0.0553
21;4;morphology;-950.9;-881.3;139.1;0.0406
1;8;phonology;-364.0;-234.7;258.6;0.0388
14;7;syntax;-1427.4;-1052.6;749.7;0.0624
49;7;phonology;-332.2;-228.2;208.1;0.0393
7;3;syntax;-1239.6;-1124.5;230.1;0.1235
45;9;morphology;-1100.0;-846.5;507.1;0.0382
41;2;syntax;-1269.7;-1218.2;103.1;0.1326
24;10;syntax;-1575.6;-1066.5;1018.2;0.0483
22;7;phonology;-326.8;-228.9;195.7;0.0391
36;6;morphology;-1085.3;-860.6;449.5;0.0413
50;5;morphology;-952.1;-874.7;154.8;0.0408
1;4;phonology;-271.9;-237.2;69.5;0.0453
39;10;phonology;-1376.1;-398.2;1955.9;3.0321
38;6;phonology;-369.3;-233.7;271.2;0.0396
44;4;phonology;-271.4;-237.4;68.0;0.0447
19;4;syntax;-1177.5;-1081.5;192.0;0.1339
6;4;syntax;-1178.1;-1081.4;193.4;0.1287
16;9;syntax;-1480.2;-1053.8;852.7;0.052
12;2;morphology;-1131.0;-1093.3;75.5;0.0556
20;9;phonology;-358.5;-241.3;234.3;0.0387
47;7;morphology;-1063.1;-864.0;398.2;0.0402
19;10;morphology;-1076.4;-844.7;463.4;0.037
34;8;morphology;-1009.4;-852.8;313.3;0.0399
30;3;syntax;-1211.4;-1117.7;187.4;0.113
28;7;phonology;-343.8;-235.6;216.4;0.0394
16;2;phonology;-338.6;-323.5;30.1;0.0907
40;4;morphology;-952.7;-881.5;142.5;0.0398
43;7;phonology;-347.5;-230.2;234.6;0.0393
45;10;syntax;-1629.3;-1063.3;1131.9;0.0498
24;9;morphology;-1087.8;-848.1;479.3;0.0385
20;2;syntax;-1268.2;-1217.9;100.6;0.1371
30;8;phonology;-342.2;-237.2;210.0;0.0398
18;7;morphology;-987.2;-850.4;273.6;0.0399
46;10;morphology;-1046.7;-851.4;390.6;0.0385
22;9;syntax;-1444.4;-1066.0;756.7;0.0532
26;2;morphology;-1130.6;-1093.2;74.8;0.0552
32;3;phonology;-302.7;-273.2;58.9;0.0511
2;4;morphology;-951.4;-881.4;140.0;0.0399
46;4;syntax;-1174.0;-1081.1;185.7;0.1438
49;9;syntax;-1430.4;-1058.1;744.7;0.052
14;9;phonology;-417.8;-414.7;6.1;6.7964
22;2;phonology;-338.9;-323.6;30.6;0.0949
41;7;syntax;-1495.4;-1059.5;871.8;0.0622
8;8;morphology;-1067.0;-853.5;426.8;0.0394
32;8;syntax;-1393.4;-1074.1;638.6;0.0593
36;3;morphology;-1024.5;-970.2;108.6;0.0438
9;3;morphology;-1024.0;-970.2;107.5;0.0452
10;9;morphology;-1055.2;-843.2;424.0;0.0381
49;2;phonology;-338.3;-323.4;29.7;0.0797
14;2;syntax;-1269.6;-1218.0;103.2;0.1349
43;9;syntax;-1506.1;-1059.9;892.5;0.0514
11;4;phonology;-274.1;-238.4;71.4;0.0448
47;2;morphology;-1131.2;-1093.2;76.1;0.0559
27;10;morphology;-1075.5;-854.6;441.8;0.0377
8;4;morphology;-952.3;-881.2;142.1;0.0404
30;6;syntax;-1287.4;-1076.9;420.9;0.0749
38;3;phonology;-302.1;-276.5;51.2;0.0505
6;7;phonology;-418.9;-415.1;7.5;5.6907
28;9;syntax;-1655.8;-1062.5;1186.7;0.0509
27;4;syntax;-1182.5;-1079.3;206.5;0.1336
12;7;morphology;-1046.3;-855.5;381.7;0.041
1;7;syntax;-1455.1;-1058.4;793.4;0.0619
20;7;syntax;-1494.9;-1054.0;881.9;0.0652
43;2;phonology;-340.8;-323.9;33.8;0.0886
15;4;morphology;-950.5;-881.2;138.7;0.04
3;3;morphology;-1025.4;-970.5;109.8;0.0441
37;5;syntax;-1287.0;-1067.8;438.4;0.0921
38;8;syntax;-1551.4;-1050.5;1002.0;0.0537
2;8;morphology;-1057.1;-862.6;389.0;0.0395
10;10;syntax;-1484.1;-1062.9;842.4;0.0495
16;7;phonology;-318.7;-230.5;176.4;0.0391
28;2;phonology;-338.2;-323.0;30.4;0.087
31;2;syntax;-1271.4;-1218.2;106.4;0.1341
35;9;morphology;-1018.6;-860.0;317.3;0.0395
21;8;phonology;-347.1;-231.7;230.8;0.0391
46;6;morphology;-1036.4;-855.2;362.3;0.0409
13;3;morphology;-1024.7;-970.2;109.1;0.0436
17;8;syntax;-1525.5;-1061.4;928.1;0.0579
18;5;syntax;-1291.3;-1067.6;447.3;0.0934
45;5;phonology;-342.2;-229.4;225.7;0.042
39;7;phonology;-328.3;-233.4;189.8;0.0392
4;5;morphology;-953.8;-874.7;158.2;0.0412
31;9;phonology;-364.0;-243.4;241.2;0.039
43;10;phonology;-368.5;-247.1;242.8;0.0383
42;6;phonology;-339.1;-229.9;218.5;0.0395
21;3;syntax;-1211.0;-1117.7;186.7;0.1099
25;8;morphology;-1053.7;-842.2;423.0;0.0392
28;10;phonology;-1116.8;-254.6;1724.4;0.1267
29;6;phonology;-309.8;-224.6;170.3;0.0396
41;5;morphology;-985.7;-871.8;227.8;0.0404
17;3;phonology;-301.7;-277.2;49.0;0.0516
33;7;phonology;-3118.3;-275.8;5685.0;1.2064
35;10;syntax;-1639.4;-1047.9;1183.0;0.0476
50;2;syntax;-1273.3;-1218.5;109.6;0.1409
27;6;morphology;-1039.9;-859.4;361.1;0.04
12;5;syntax;-1288.5;-1063.9;449.0;0.091
40;8;phonology;-370.1;-237.5;265.4;0.0389
19;3;morphology;-1023.6;-970.1;106.9;0.0457
7;6;syntax;-1335.0;-1071.3;527.3;0.0734
24;5;phonology;-317.2;-224.9;184.7;0.0417
4;10;phonology;-389.8;-247.5;284.6;0.039
30;4;morphology;-951.3;-881.2;140.3;0.0398
50;9;phonology;-393.5;-247.0;292.9;0.0393
37;7;morphology;-1014.9;-854.2;321.4;0.0405
5;2;morphology;-1130.4;-1093.0;74.8;0.0556
40;3;syntax;-1244.2;-1123.4;241.7;0.1099
44;8;morphology;-1091.6;-834.0;515.2;0.0384
23;6;phonology;-322.4;-230.9;183.0;0.0394
22;10;phonology;-2567.0;-290.5;4553.0;0.7764
20;5;morphology;-953.1;-875.6;155.0;0.0402
4;9;morphology;-1064.1;-847.7;432.8;0.0393
48;6;phonology;-300.5;-227.2;146.5;0.039
15;6;syntax;-1388.7;-1056.6;664.1;0.0722
49;10;phonology;-2689.1;-377.3;4623.6;3.4064
34;4;phonology;-272.4;-237.5;69.9;0.0454
3;6;syntax;-1351.4;-1067.7;567.4;0.0792
20;5;phonology;-350.9;-232.5;236.7;0.0417
48;6;morphology;-1061.1;-867.4;387.2;0.0408
34;4;morphology;-951.9;-881.1;141.6;0.0404
4;6;phonology;-327.5;-229.0;196.8;0.0397
50;9;morphology;-1132.2;-851.4;561.7;0.0386
31;10;syntax;-1470.6;-1050.9;839.6;0.0484
37;7;phonology;-348.8;-230.1;237.4;0.039
16;5;syntax;-1260.1;-1079.4;361.3;0.1045
19;8;syntax;-1492.8;-1067.4;850.9;0.0554
44;8;phonology;-354.2;-237.0;234.3;0.0389
23;6;morphology;-1056.6;-860.5;392.2;0.0409
11;6;syntax;-1432.0;-1051.5;760.9;0.0696
24;5;morphology;-951.4;-874.8;153.1;0.041
4;10;morphology;-1148.5;-855.5;586.0;0.0378
30;4;phonology;-272.1;-237.3;69.6;0.0445
33;7;morphology;-1066.6;-850.7;431.8;0.0405
1;2;morphology;-1131.2;-1093.1;76.3;0.0589
27;6;phonology;-338.4;-232.8;211.3;0.0389
26;10;phonology;-408.0;-247.8;320.4;0.0385
19;3;phonology;-300.0;-276.5;47.1;0.0559
44;3;syntax;-1213.7;-1118.8;189.8;0.1057
40;8;morphology;-987.8;-855.6;264.5;0.0393
29;6;morphology;-999.9;-849.5;300.8;0.041
17;3;morphology;-1022.8;-970.1;105.4;0.0443
13;8;syntax;-1503.7;-1057.4;892.6;0.0561
41;5;phonology;-3852.5;-345.6;7013.8;3.6221
50;10;syntax;-1601.4;-1056.7;1089.5;0.0482
35;2;syntax;-1273.5;-1218.6;109.9;0.1369
31;9;morphology;-1068.6;-856.7;423.7;0.0388
42;6;morphology;-1062.8;-857.4;410.8;0.0402
25;8;phonology;-334.6;-236.1;197.0;0.039
9;6;syntax;-1364.5;-1065.7;597.5;0.0764
45;5;morphology;-964.4;-873.7;181.4;0.0408
13;3;phonology;-300.8;-275.8;50.1;0.055
39;7;morphology;-1024.5;-853.0;343.1;0.0406
35;9;phonology;-1086.6;-254.8;1663.7;0.1616
25;3;syntax;-1214.5;-1118.1;192.6;0.1135
21;8;morphology;-1021.0;-831.5;379.0;0.0381
47;10;phonology;-348.9;-240.5;216.7;0.0387
46;6;phonology;-322.1;-233.5;177.2;0.0403
2;7;phonology;-350.9;-231.8;238.3;0.0396
48;10;morphology;-1070.5;-850.6;439.7;0.0383
5;7;syntax;-1625.8;-1058.9;1133.9;0.0669
16;7;morphology;-1029.1;-855.0;348.1;0.0401
28;2;morphology;-1130.6;-1093.1;74.9;0.0559
23;4;syntax;-1175.4;-1081.6;187.7;0.141
23;10;morphology;-1151.9;-852.7;598.3;0.0382
47;9;syntax;-1554.0;-1049.4;1009.3;0.0498
48;4;syntax;-1182.0;-1079.6;204.8;0.1311
15;4;phonology;-271.4;-237.6;67.7;0.0449
43;2;morphology;-1130.8;-1093.2;75.1;0.0556
34;6;syntax;-1393.0;-1059.1;667.7;0.0733
38;3;morphology;-1024.7;-970.2;108.9;0.0453
33;5;syntax;-1287.9;-1059.5;456.7;0.0896
6;8;morphology;-1085.1;-841.3;487.6;0.0397
12;7;phonology;-335.6;-231.1;209.0;0.0389
14;10;syntax;-1560.2;-1054.3;1011.8;0.0491
47;2;phonology;-338.7;-323.3;30.8;0.089
11;4;morphology;-951.0;-881.2;139.6;0.0404
24;7;syntax;-1526.3;-1044.5;963.5;0.0606
7;3;morphology;-1023.8;-970.1;107.4;0.0447
6;4;morphology;-949.1;-881.1;135.9;0.0399
49;2;morphology;-1131.4;-1093.1;76.8;0.0563
42;4;syntax;-1175.0;-1081.7;186.5;0.1413
10;9;phonology;-357.5;-240.0;234.9;0.0385
29;10;morphology;-1056.8;-846.3;421.0;0.0378
29;4;syntax;-1179.2;-1081.6;195.2;0.1399
26;9;syntax;-1599.4;-1045.6;1107.7;0.0517
22;2;morphology;-1130.9;-1093.2;75.4;0.0575
42;10;morphology;-1057.5;-845.5;423.8;0.0381
36;3;phonology;-301.7;-274.8;53.8;0.053
8;7;phonology;-1232.3;-245.3;1974.1;0.0995
14;9;morphology;-1076.3;-838.1;476.4;0.038
10;2;syntax;-1271.8;-1218.3;107.0;0.1391
18;7;phonology;-1291.3;-243.0;2096.7;0.1562
45;7;syntax;-1512.9;-1051.6;922.5;0.0602
26;2;phonology;-339.0;-323.3;31.5;0.0929
36;8;syntax;-1450.4;-1049.2;802.5;0.0582
39;5;syntax;-1284.8;-1074.6;420.4;0.0986
32;3;morphology;-1023.5;-969.9;107.3;0.0436
30;5;phonology;-323.9;-228.6;190.8;0.0412
3;8;syntax;-1439.7;-1058.1;763.1;0.0552
24;4;morphology;-950.5;-881.3;138.3;0.0398
11;7;syntax;-1367.3;-1078.2;578.1;0.0646
4;8;phonology;-349.7;-231.7;235.8;0.039
40;9;morphology;-1113.4;-858.7;509.3;0.0388
2;3;syntax;-1205.5;-1134.8;141.3;0.1357
44;2;syntax;-1268.3;-1217.9;100.7;0.1308
19;2;phonology;-338.4;-323.3;30.3;0.0892
27;7;phonology;-327.2;-232.6;189.1;0.0388
21;10;syntax;-1695.7;-1048.3;1294.9;0.0492
5;3;phonology;-301.9;-273.6;56.5;0.0503
33;6;morphology;-1036.7;-852.7;368.0;0.0413
34;5;morphology;-951.3;-876.1;150.5;0.0415
16;10;morphology;-1064.4;-852.9;423.0;0.0381
48;7;morphology;-989.6;-850.7;277.9;0.0407
20;4;phonology;-271.5;-237.7;67.6;0.0447
23;7;morphology;-1000.4;-851.2;298.4;0.04
16;4;syntax;-1180.5;-1081.6;197.8;0.1377
44;9;phonology;-350.4;-241.4;217.9;0.039
19;9;syntax;-1482.8;-1061.1;843.4;0.0525
9;4;syntax;-1175.4;-1082.3;186.2;0.1477
36;10;phonology;-3392.9;-297.8;6190.2;0.7994
37;6;phonology;-346.5;-228.4;236.2;0.039
50;8;morphology;-1018.8;-850.7;336.2;0.0393
39;6;morphology;-1053.7;-855.0;397.3;0.0402
13;2;phonology;-338.5;-323.1;30.7;0.0879
45;4;morphology;-950.8;-881.6;138.5;0.0393
8;3;syntax;-1202.1;-1135.3;133.7;0.1242
40;10;syntax;-1655.3;-1055.2;1200.2;0.0489
46;7;phonology;-362.3;-233.1;258.4;0.0392
21;9;morphology;-1038.6;-854.0;369.4;0.0391
25;2;syntax;-1270.1;-1218.1;103.9;0.1364
9;8;syntax;-1538.4;-1059.7;957.5;0.056
35;8;phonology;-357.1;-235.9;242.5;0.0388
4;4;phonology;-271.0;-237.3;67.3;0.0435
13;9;syntax;-1487.9;-1047.5;880.9;0.0504
3;4;syntax;-1181.6;-1079.9;203.4;0.1379
41;4;phonology;-267.8;-237.5;60.6;0.0438
17;2;morphology;-1132.1;-1093.2;77.8;0.056
29;7;morphology;-1126.6;-846.7;559.9;0.0392
25;9;phonology;-365.7;-239.1;253.3;0.0387
42;7;morphology;-959.1;-848.3;221.7;0.0398
31;8;morphology;-1012.6;-833.2;358.8;0.0381
35;3;syntax;-1233.9;-1122.1;223.6;0.1136
13;10;phonology;-1819.6;-265.0;3109.3;0.3127
12;6;phonology;-327.5;-230.2;194.5;0.0395
2;9;phonology;-349.6;-236.5;226.2;0.0387
33;4;syntax;-1180.7;-1080.8;199.9;0.1358
5;9;syntax;-1672.6;-1059.6;1225.8;0.0527
38;2;morphology;-1131.3;-1093.1;76.5;0.0573
3;2;phonology;-338.8;-323.6;30.5;0.0931
33;10;morphology;-1051.0;-841.5;418.9;0.0376
24;6;syntax;-1406.5;-1056.6;699.8;0.0726
4;2;syntax;-1274.8;-1218.4;112.8;0.1326
11;5;morphology;-951.9;-875.7;152.3;0.0415
47;3;phonology;-302.1;-274.8;54.6;0.052
23;5;syntax;-1280.2;-1063.2;433.8;0.0945
28;3;morphology;-1023.8;-970.2;107.2;0.0442
16;6;morphology;-986.6;-849.0;275.1;0.0409
6;6;morphology;-1058.8;-858.0;401.6;0.0402
3;10;syntax;-1548.1;-1058.7;978.8;0.0483
34;7;syntax;-1401.1;-1066.6;669.1;0.0646
8;5;phonology;-311.4;-223.3;176.3;0.0415
43;3;morphology;-1024.8;-970.2;109.2;0.0425
47;8;syntax;-3898.7;-1065.6;5666.2;0.1705
15;5;phonology;-303.1;-222.2;161.7;0.0408
48;5;syntax;-1286.1;-1075.1;422.0;0.0971
10;3;syntax;-1211.9;-1117.8;188.2;0.1092
14;8;morphology;-1004.0;-851.6;304.7;0.0398
39;10;morphology;-1083.2;-845.5;475.5;0.0377
9;2;phonology;-338.2;-323.2;30.2;0.086
32;2;morphology;-1131.0;-1093.2;75.6;0.0591
36;9;syntax;-1486.9;-1071.4;830.9;0.0525
39;4;syntax;-1180.6;-1081.2;198.8;0.1403
26;3;phonology;-300.0;-276.8;46.4;0.0516
8;9;phonology;-370.7;-241.3;258.8;0.0382
45;6;syntax;-4918.8;-1108.4;7620.7;0.4515
18;6;phonology;-4015.8;-331.8;7367.9;2.3872
19;10;phonology;-388.2;-250.4;275.6;0.0393
5;5;syntax;-1272.7;-1077.8;389.9;0.1027
42;5;syntax;-1296.6;-1063.5;466.2;0.0956
10;8;phonology;-340.5;-234.3;212.5;0.0393
49;3;morphology;-1024.1;-970.1;107.9;0.0448
2;5;phonology;-316.7;-236.5;160.4;0.0412
9;10;syntax;-1493.8;-1066.0;855.6;0.0495
36;2;phonology;-336.8;-322.5;28.5;0.0823
22;3;morphology;-1024.5;-970.2;108.7;0.0444
29;5;syntax;-1295.9;-1074.1;443.5;0.1014
26;8;syntax;-1479.1;-1076.9;804.3;0.0573
36;2;morphology;-1131.1;-1093.2;75.8;0.0552
32;9;syntax;-1403.0;-1068.7;668.6;0.0547
41;6;syntax;-1394.9;-1053.5;682.7;0.0733
22;3;phonology;-298.8;-275.0;47.6;0.0493
14;3;syntax;-1213.3;-1118.2;190.2;0.1081
49;3;phonology;-300.2;-276.5;47.3;0.052
10;8;morphology;-1074.4;-838.2;472.4;0.0384
32;2;phonology;-344.9;-325.6;38.5;0.0719
8;6;morphology;-1088.6;-862.3;452.5;0.0413
26;3;morphology;-1024.0;-970.1;107.7;0.0441
22;8;syntax;-1586.3;-1042.6;1087.5;0.0543
18;6;morphology;-1029.5;-852.5;354.0;0.0406
46;5;syntax;-1302.0;-1069.1;465.9;0.0978
14;8;phonology;-358.2;-235.3;245.8;0.0386
49;8;syntax;-1559.7;-1054.0;1011.5;0.055
1;5;syntax;-1292.9;-1071.2;443.3;0.0945
6;5;phonology;-330.0;-230.0;200.1;0.0424
7;2;phonology;-338.3;-323.0;30.5;0.0875
37;10;morphology;-1086.9;-847.0;479.8;0.0378
15;5;morphology;-951.4;-875.6;151.6;0.0423
43;3;phonology;-300.5;-272.7;55.7;0.0517
20;6;syntax;-1404.1;-1066.8;674.5;0.0752
6;9;phonology;-362.1;-248.4;227.3;0.0381
28;3;phonology;-302.5;-275.2;54.6;0.0526
17;10;phonology;-371.3;-247.3;247.9;0.0384
16;6;phonology;-336.6;-229.5;214.1;0.0394
37;4;syntax;-1178.4;-1079.9;197.0;0.1311
38;9;syntax;-1477.6;-1069.0;817.2;0.0537
1;9;syntax;-1595.1;-1054.4;1081.3;0.0523
30;7;syntax;-1444.4;-1061.0;766.8;0.0618
47;3;morphology;-1029.0;-970.5;117.0;0.0447
43;8;syntax;-1447.8;-1064.5;766.7;0.0558
11;5;phonology;-324.5;-225.3;198.3;0.0413
12;6;morphology;-1077.2;-859.9;434.4;0.0404
28;8;syntax;-1679.1;-1051.2;1255.8;0.0552
27;5;syntax;-1304.8;-1074.2;461.2;0.0984
7;10;syntax;-1398.7;-1378.6;40.2;7.125
2;6;morphology;-1019.2;-847.5;343.2;0.0407
38;2;phonology;-337.6;-322.8;29.6;0.0839
25;9;morphology;-1013.7;-851.9;323.7;0.0389
21;2;syntax;-1269.1;-1218.1;102.1;0.137
42;7;phonology;-330.6;-246.7;167.7;0.0401
44;10;syntax;-1484.1;-1074.3;819.7;0.0493
31;8;phonology;-359.9;-238.4;242.8;0.039
17;2;phonology;-337.8;-323.3;29.0;0.0829
41;4;morphology;-950.8;-881.2;139.1;0.0404
29;7;phonology;-351.0;-233.3;235.4;0.0383
46;7;morphology;-1006.8;-853.0;307.6;0.0401
18;10;morphology;-1062.6;-859.0;407.1;0.038
21;9;phonology;-372.9;-238.7;268.5;0.0393
35;8;morphology;-1046.5;-857.3;378.4;0.0388
31;3;syntax;-1241.5;-1123.4;236.2;0.1217
39;6;phonology;-333.5;-229.5;208.0;0.0393
38;10;phonology;-372.3;-248.0;248.6;0.0387
7;4;syntax;-1177.9;-1082.1;191.7;0.1371
17;9;syntax;-1525.9;-1060.0;931.8;0.052
45;4;phonology;-272.4;-238.3;68.2;0.0446
18;4;syntax;-1175.4;-1082.2;186.4;0.1385
13;2;morphology;-1130.8;-1093.1;75.4;0.0577
25;10;syntax;-1586.8;-1060.9;1051.8;0.0483
23;7;phonology;-334.6;-230.8;207.5;0.0387
44;9;morphology;-1082.7;-851.7;462.1;0.0387
6;3;syntax;-1213.3;-1117.7;191.2;0.1068
40;2;syntax;-1269.2;-1218.1;102.3;0.1333
37;6;morphology;-984.8;-848.4;272.8;0.0408
50;8;phonology;-350.4;-235.2;230.3;0.039
1;3;phonology;-303.8;-275.3;57.1;0.0542
7;8;syntax;-1420.5;-1059.7;721.4;0.0561
34;5;phonology;-330.5;-226.5;208.0;0.0413
15;7;syntax;-1528.1;-1062.0;932.3;0.0621
48;7;phonology;-845.3;-235.3;1219.9;0.0911
20;4;morphology;-950.1;-881.1;138.0;0.0396
19;2;morphology;-1131.3;-1093.2;76.2;0.0577
12;4;syntax;-1177.2;-1081.0;192.3;0.132
40;9;phonology;-3800.5;-311.5;6978.1;1.5141
27;7;morphology;-1007.9;-831.6;352.6;0.0387
50;3;syntax;-1205.9;-1116.5;178.7;0.1105
32;10;phonology;-422.1;-416.5;11.3;6.8172
33;6;phonology;-319.7;-228.8;181.8;0.0399
30;5;morphology;-968.0;-873.2;189.6;0.0409
4;7;morphology;-983.4;-851.0;264.8;0.0418
24;4;phonology;-271.2;-237.8;66.8;0.0446
12;10;morphology;-1034.4;-839.6;389.6;0.0379
7;5;morphology;-986.3;-874.1;224.4;0.0414
46;5;phonology;-328.3;-228.9;198.8;0.0412
49;8;phonology;-4101.2;-295.1;7612.2;0.7863
14;8;syntax;-1544.4;-1060.8;967.2;0.0548
10;3;morphology;-1024.9;-970.3;109.3;0.0451
45;6;morphology;-1002.1;-850.5;303.2;0.0417
22;8;phonology;-4128.6;-344.8;7567.7;4.2053
39;4;morphology;-950.7;-881.1;139.0;0.0404
36;9;morphology;-1092.9;-850.6;484.5;0.0389
9;6;phonology;-336.9;-229.9;214.1;0.0394
32;2;syntax;-1268.5;-1218.1;100.9;0.1346
49;3;syntax;-1210.9;-1117.5;187.0;0.1183
14;3;phonology;-302.0;-274.9;54.3;0.0523
42;5;morphology;-950.3;-875.3;150.0;0.0411
26;8;morphology;-19506.9;-946.1;37121.6;0.7293
29;5;morphology;-964.8;-873.5;182.6;0.042
22;3;syntax;-1211.2;-1117.7;186.9;0.1093
41;6;phonology;-321.7;-229.8;183.8;0.0396
40;10;phonology;-427.3;-251.0;352.6;0.0391
32;9;phonology;-2028.8;-268.0;3521.7;0.2547
9;10;morphology;-1102.3;-854.3;496.0;0.0381
38;2;syntax;-1269.2;-1218.0;102.5;0.1296
3;6;phonology;-320.9;-229.3;183.2;0.0391
33;4;morphology;-951.3;-881.2;140.1;0.0398
7;10;phonology;-418.1;-415.2;5.8;6.6068
28;8;phonology;-418.5;-415.2;6.6;5.8335
27;5;phonology;-335.8;-227.3;216.9;0.0414
4;6;syntax;-1412.6;-1072.0;681.2;0.0759
43;8;phonology;-357.6;-235.5;244.2;0.0388
11;5;syntax;-1293.6;-1070.0;447.2;0.0935
24;6;morphology;-1062.4;-856.3;412.2;0.0406
30;7;phonology;-337.4;-231.8;211.3;0.0397
36;10;syntax;-1494.9;-1067.2;855.5;0.0502
3;10;morphology;-1103.6;-858.0;491.1;0.0382
37;4;phonology;-272.0;-237.8;68.4;0.0455
38;9;phonology;-374.3;-243.2;262.1;0.0389
16;6;syntax;-1286.7;-1082.6;408.3;0.079
7;9;morphology;-1021.2;-854.6;333.1;0.0384
28;3;syntax;-1211.0;-1117.9;186.0;0.1044
23;5;morphology;-951.6;-874.9;153.5;0.0416
21;10;phonology;-365.5;-247.3;236.4;0.0383
20;6;phonology;-334.7;-228.4;212.6;0.0397
48;5;morphology;-989.9;-871.0;237.8;0.0413
47;8;morphology;-1031.8;-848.3;366.9;0.0398
43;3;syntax;-1222.7;-1118.9;207.5;0.1131
6;2;morphology;-1130.6;-1093.0;75.2;0.0569
34;7;morphology;-952.8;-847.4;210.7;0.0399
17;9;phonology;-362.2;-238.7;246.9;0.0388
18;4;phonology;-273.0;-237.6;70.9;0.0454
45;4;syntax;-1174.4;-1082.4;184.1;0.1384
1;4;morphology;-951.6;-881.5;140.2;0.0398
39;6;syntax;-1433.6;-1063.6;739.9;0.0749
31;3;phonology;-302.4;-278.9;47.1;0.0552
25;2;morphology;-1130.9;-1093.1;75.6;0.0566
21;9;syntax;-1613.0;-1060.1;1105.7;0.0528
8;7;syntax;-1445.6;-1074.5;742.1;0.0633
45;10;morphology;-1012.1;-858.2;307.8;0.0384
29;7;syntax;-1491.1;-1058.3;865.4;0.0621
17;2;syntax;-1271.7;-1218.4;106.6;0.1384
13;9;morphology;-1104.3;-853.3;501.9;0.0388
35;3;morphology;-1023.9;-970.1;107.6;0.0435
31;8;syntax;-1560.1;-1051.9;1016.4;0.0557
19;10;syntax;-1500.7;-1065.3;870.9;0.051
42;7;syntax;-1429.7;-1055.9;747.5;0.0651
21;2;phonology;-339.0;-323.3;31.5;0.0909
11;7;morphology;-1074.5;-858.3;432.4;0.0403
2;7;syntax;-1488.4;-1047.2;882.3;0.0606
24;4;syntax;-1176.1;-1081.7;188.9;0.1371
5;7;phonology;-317.7;-231.4;172.5;0.0389
33;6;syntax;-1341.2;-1066.3;549.7;0.0788
50;3;phonology;-304.3;-274.5;59.6;0.0528
24;10;morphology;-1069.3;-843.3;451.8;0.0372
44;2;morphology;-1130.9;-1093.1;75.5;0.0573
12;4;phonology;-271.6;-237.4;68.3;0.0441
40;9;syntax;-1407.9;-1079.1;657.5;0.0537
48;7;syntax;-1592.9;-1047.2;1091.5;0.0627
13;10;syntax;-1538.2;-1051.2;974.0;0.0486
15;7;phonology;-346.3;-233.3;225.9;0.0383
1;8;morphology;-1048.2;-836.7;422.8;0.0386
34;5;syntax;-1286.9;-1070.4;433.0;0.0976
50;8;syntax;-1473.1;-1063.7;818.7;0.0551
19;9;morphology;-1056.4;-850.9;411.0;0.039
16;4;morphology;-950.1;-880.9;138.4;0.0397
40;2;phonology;-338.4;-323.1;30.6;0.0856
23;7;syntax;-1549.2;-1049.7;999.0;0.0615
37;6;syntax;-1333.6;-1068.1;530.8;0.0763
40;2;morphology;-1131.4;-1093.2;76.5;0.0564
16;4;phonology;-272.8;-238.0;69.6;0.0439
19;9;phonology;-419.3;-415.6;7.5;6.9879
44;9;syntax;-1424.5;-1071.5;706.0;0.0518
20;10;morphology;-1091.6;-841.6;499.9;0.038
20;4;syntax;-1175.4;-1081.4;187.9;0.1377
6;7;syntax;-1390.8;-1059.2;663.4;0.0642
15;7;morphology;-983.5;-849.8;267.4;0.0398
1;7;phonology;-302.5;-231.3;142.5;0.0386
50;3;morphology;-1023.3;-970.1;106.4;0.043
4;3;morphology;-1023.9;-970.1;107.7;0.0441
27;7;syntax;-1333.2;-1079.5;507.3;0.0674
12;4;morphology;-951.1;-881.3;139.8;0.0398
19;2;syntax;-1269.2;-1218.2;102.1;0.1362
44;2;phonology;-338.1;-323.1;30.0;0.0849
11;7;phonology;-356.6;-234.1;245.1;0.039
17;10;syntax;-1569.1;-1056.5;1025.1;0.0505
5;8;morphology;-1048.8;-844.8;408.0;0.039
30;5;syntax;-1285.0;-1058.9;452.1;0.0902
35;3;phonology;-302.6;-273.6;57.9;0.0529
41;10;morphology;-1053.8;-845.5;416.7;0.0381
21;2;morphology;-1131.1;-1093.2;75.9;0.0566
25;9;syntax;-1559.6;-1065.2;988.7;0.0552
13;9;phonology;-356.4;-240.0;232.8;0.0389
41;4;syntax;-1176.5;-1081.8;189.5;0.149
5;4;morphology;-950.8;-881.2;139.4;0.0398
31;3;morphology;-1023.9;-969.9;107.9;0.0437
35;8;syntax;-1532.0;-1046.6;970.8;0.0541
25;2;phonology;-338.9;-323.2;31.4;0.0886
46;7;syntax;-1474.3;-1063.9;820.9;0.0646
13;2;syntax;-1267.1;-1217.7;98.7;0.1307
18;4;morphology;-949.9;-881.2;137.5;0.04
17;9;morphology;-1038.5;-852.0;372.9;0.039
20;6;morphology;-1041.2;-856.1;370.2;0.0401
47;8;phonology;-310.4;-230.5;159.8;0.039
48;5;phonology;-341.9;-231.4;221.0;0.0414
15;5;syntax;-1276.9;-1074.7;404.4;0.0965
32;10;syntax;-4356.6;-1089.6;6534.0;0.183
34;7;phonology;-342.6;-234.0;217.1;0.0392
9;5;morphology;-952.4;-875.2;154.4;0.0412
3;10;phonology;-388.1;-247.6;280.9;0.0391
7;6;phonology;-330.9;-231.8;198.2;0.0397
38;9;morphology;-1101.6;-858.0;487.2;0.0391
37;4;morphology;-950.9;-881.3;139.3;0.04
23;5;phonology;-324.5;-225.7;197.7;0.0408
43;8;morphology;-1062.0;-842.5;439.0;0.0388
47;3;syntax;-1241.8;-1126.1;231.5;0.1182
25;10;phonology;-369.9;-249.6;240.6;0.0388
24;6;phonology;-326.7;-229.8;193.9;0.0391
2;2;morphology;-1131.4;-1093.2;76.4;0.0591
30;7;morphology;-1083.1;-850.3;465.5;0.0399
33;4;phonology;-275.7;-238.6;74.3;0.0443
7;10;morphology;-1082.7;-849.1;467.2;0.038
3;9;morphology;-1022.2;-852.6;339.1;0.0393
27;5;morphology;-957.2;-874.4;165.6;0.0422
28;8;morphology;-1093.9;-842.3;503.3;0.0387
12;6;syntax;-1407.1;-1057.5;699.3;0.0729
29;5;phonology;-309.8;-224.2;171.3;0.0408
26;8;phonology;-4442.1;-314.2;8255.7;1.0782
41;6;morphology;-1052.4;-854.8;395.2;0.0406
32;9;morphology;-1050.6;-845.6;410.0;0.0384
36;2;syntax;-1269.6;-1218.1;102.9;0.1328
9;10;phonology;-381.6;-244.0;275.1;0.0382
3;5;morphology;-952.7;-875.3;154.8;0.0412
38;10;syntax;-1640.8;-1057.2;1167.0;0.0474
42;5;phonology;-295.1;-221.0;148.2;0.041
10;8;syntax;-5705.5;-1076.3;9258.4;0.3982
14;3;morphology;-1024.1;-970.2;107.8;0.0447
18;6;syntax;-1396.1;-1069.1;654.0;0.0779
45;6;phonology;-308.6;-227.7;162.0;0.0392
44;10;phonology;-359.0;-245.3;227.4;0.0386
22;8;morphology;-1014.1;-847.3;333.5;0.0398
9;9;morphology;-1057.8;-854.0;407.6;0.039
26;3;syntax;-1230.5;-1120.6;219.8;0.12
36;9;phonology;-3104.7;-294.4;5620.6;0.847
39;4;phonology;-270.0;-237.6;64.8;0.0447
8;2;morphology;-1131.4;-1093.3;76.2;0.0556
10;3;phonology;-301.8;-275.9;51.8;0.0534
49;8;morphology;-1050.1;-855.0;390.3;0.0397
46;5;morphology;-953.1;-876.2;154.0;0.0415
44;3;phonology;-302.1;-275.4;53.4;0.054
19;3;syntax;-1206.0;-1116.7;178.5;0.1095
12;5;morphology;-953.5;-874.5;158.0;0.0417
7;2;syntax;-1267.7;-1217.9;99.7;0.13
27;6;syntax;-1489.8;-1064.8;850.0;0.0727
50;2;morphology;-1130.9;-1093.0;75.8;0.0574
30;10;morphology;-1060.9;-841.7;438.4;0.0375
6;9;syntax;-1451.0;-1066.6;768.7;0.0527
30;4;syntax;-1174.2;-1082.5;183.5;0.1396
1;9;phonology;-349.3;-239.2;220.1;0.039
11;6;phonology;-4234.9;-291.8;7886.3;1.2022
10;10;phonology;-419.5;-415.7;7.7;6.1727
16;5;phonology;-316.4;-223.8;185.2;0.0411
44;8;syntax;-1372.0;-1065.4;613.2;0.0566
19;8;phonology;-339.0;-237.3;203.2;0.039
40;3;morphology;-1023.5;-969.9;107.2;0.044
37;7;syntax;-1490.8;-1053.6;874.4;0.0603
5;6;morphology;-957.2;-843.4;227.6;0.0414
15;6;morphology;-1074.3;-864.9;418.9;0.0409
20;5;syntax;-1270.7;-1076.4;388.5;0.0984
46;6;syntax;-1398.6;-1064.6;667.9;0.0779
25;3;phonology;-302.6;-276.9;51.4;0.0531
35;9;syntax;-1581.1;-1056.6;1049.1;0.0512
31;2;morphology;-1131.1;-1093.2;75.9;0.0567
18;5;morphology;-951.6;-875.5;152.2;0.0415
17;8;morphology;-1086.2;-838.8;494.7;0.0393
13;3;syntax;-1214.6;-1118.7;191.8;0.1078
25;8;syntax;-1630.1;-1055.1;1150.0;0.0554
21;3;morphology;-1023.3;-970.1;106.3;0.0432
35;2;phonology;-337.6;-323.0;29.2;0.0875
1;5;phonology;-318.6;-224.3;188.5;0.0407
13;8;phonology;-360.5;-233.0;254.9;0.0389
41;5;syntax;-1281.8;-1066.4;430.8;0.0895
6;5;syntax;-1344.1;-1067.4;553.5;0.0971
30;6;morphology;-967.3;-847.5;239.6;0.0408
6;3;phonology;-299.2;-276.7;45.0;0.0511
24;7;phonology;-369.7;-234.5;270.4;0.0397
22;10;syntax;-1518.5;-1042.9;951.3;0.0494
47;2;syntax;-1276.5;-1218.8;115.4;0.1357
1;3;syntax;-1232.9;-1121.7;222.4;0.1114
43;9;morphology;-1079.0;-849.8;458.4;0.0384
7;8;phonology;-388.5;-240.4;296.1;0.0393
12;7;syntax;-1464.2;-1063.2;802.0;0.0634
49;10;syntax;-1599.9;-1062.9;1073.9;0.0513
27;4;morphology;-950.4;-881.0;139.0;0.0396
28;9;morphology;-1081.5;-855.0;453.2;0.0387
33;5;phonology;-326.6;-226.0;201.1;0.0416
34;6;phonology;-331.3;-231.3;200.1;0.04
35;10;phonology;-545.6;-253.5;584.2;0.0442
47;9;phonology;-359.8;-240.9;237.8;0.0388
15;4;syntax;-1258.2;-1086.3;343.7;0.1379
48;4;phonology;-272.8;-237.8;70.1;0.045
20;7;morphology;-1011.8;-852.5;318.5;0.0406
23;4;phonology;-271.6;-237.3;68.6;0.0442
15;10;morphology;-1072.7;-849.9;445.6;0.038
38;8;morphology;-1138.4;-842.9;590.9;0.0389
37;5;morphology;-952.8;-875.1;155.4;0.0403
3;7;morphology;-1027.9;-852.9;350.0;0.0396
36;8;phonology;-353.2;-233.6;239.2;0.039
39;5;phonology;-341.9;-230.3;223.2;0.0413
26;2;syntax;-1268.4;-1217.9;100.9;0.1339
22;9;morphology;-1045.7;-852.1;387.3;0.0385
43;10;syntax;-6235.5;-1098.9;10273.3;0.4106
45;7;phonology;-355.7;-232.3;246.8;0.0392
18;7;syntax;-1550.0;-1039.7;1020.5;0.0603
49;9;morphology;-1036.6;-851.4;370.5;0.039
46;4;morphology;-950.7;-881.3;138.8;0.0398
10;2;phonology;-338.5;-323.4;30.2;0.0858
28;10;syntax;-1584.8;-1047.5;1074.6;0.0492
9;7;morphology;-956.4;-849.6;213.5;0.0407
36;3;syntax;-1205.6;-1116.8;177.7;0.1083
32;8;morphology;-1030.8;-847.3;367.0;0.0396
41;7;morphology;-1049.0;-846.0;406.0;0.0404
29;4;phonology;-272.0;-237.4;69.2;0.0445
26;9;phonology;-360.9;-243.9;234.1;0.0393
14;2;morphology;-1131.7;-1093.2;76.9;0.0568
42;4;phonology;-271.1;-237.3;67.4;0.044
10;9;syntax;-1562.1;-1053.7;1016.8;0.0525
7;4;phonology;-270.5;-238.1;64.7;0.0442
42;4;morphology;-951.9;-880.9;141.9;0.0403
14;2;phonology;-338.2;-323.0;30.4;0.0863
49;2;syntax;-1270.4;-1217.9;105.0;0.1315
8;3;phonology;-302.0;-277.1;49.7;0.0533
32;8;phonology;-375.9;-239.2;273.4;0.0389
41;7;phonology;-1271.7;-242.4;2058.8;0.1544
47;10;syntax;-1533.6;-1060.5;946.2;0.0493
9;8;phonology;-1234.8;-246.8;1975.9;0.0976
22;2;syntax;-1268.8;-1217.8;101.9;0.1343
26;9;morphology;-1045.4;-848.6;393.6;0.0382
29;4;morphology;-950.3;-881.1;138.5;0.0398
10;2;morphology;-1131.0;-1093.1;75.7;0.0558
46;4;phonology;-276.4;-239.6;73.6;0.0452
4;4;syntax;-1186.2;-1078.5;215.5;0.1267
14;9;syntax;-1516.6;-1060.9;911.6;0.0527
49;9;phonology;-365.3;-243.2;244.2;0.0386
3;4;phonology;-270.4;-236.9;66.9;0.0434
32;3;syntax;-1209.5;-1117.4;184.0;0.1033
39;5;morphology;-957.3;-873.7;167.2;0.0411
36;8;morphology;-1081.9;-842.6;478.5;0.0395
50;10;phonology;-493.8;-251.2;485.1;0.0405
22;9;phonology;-419.2;-415.7;7.0;5.4634
45;7;morphology;-1081.6;-844.6;474.0;0.0393
23;4;morphology;-950.2;-881.1;138.1;0.0397
28;2;syntax;-1272.3;-1218.6;107.3;0.1317
3;8;phonology;-352.7;-247.7;210.0;0.0386
16;7;syntax;-1467.6;-1040.9;853.3;0.0599
37;5;phonology;-342.1;-234.7;214.7;0.042
38;8;phonology;-4315.7;-314.8;8001.8;1.3609
4;8;syntax;-1482.6;-1063.7;837.7;0.0569
2;3;phonology;-301.2;-275.5;51.4;0.0526
34;6;morphology;-1005.5;-850.4;310.3;0.0411
43;2;syntax;-1271.3;-1218.3;106.0;0.1335
5;3;syntax;-1206.9;-1135.0;143.8;0.1224
48;4;morphology;-950.2;-881.1;138.1;0.0398
47;9;morphology;-1122.8;-847.3;551.0;0.0384
26;10;syntax;-1519.9;-1066.2;907.4;0.05
20;7;phonology;-4335.1;-322.5;8025.3;1.438
11;10;morphology;-1057.8;-853.3;409.1;0.0388
28;9;phonology;-897.1;-250.9;1292.3;0.0686
27;4;phonology;-271.7;-238.1;67.2;0.0419
7;7;morphology;-1003.6;-842.9;321.4;0.04
33;5;morphology;-952.3;-874.8;155.1;0.0401
38;3;syntax;-1206.2;-1116.2;180.1;0.1111
30;6;phonology;-778.7;-234.4;1088.4;0.0724
31;10;phonology;-398.1;-248.1;300.0;0.0389
9;4;phonology;-272.6;-238.1;69.0;0.0447
24;7;morphology;-1019.1;-853.3;331.7;0.0408
43;9;phonology;-886.8;-244.9;1283.8;0.0739
11;4;syntax;-1179.8;-1081.0;197.6;0.1312
13;8;morphology;-1087.0;-844.4;485.3;0.0391
17;3;syntax;-1204.1;-1116.8;174.5;0.1103
29;6;syntax;-1428.9;-1056.8;744.2;0.0722
9;2;syntax;-1276.0;-1218.8;114.4;0.1414
21;3;phonology;-307.0;-277.5;59.0;0.0535
42;6;syntax;-1402.6;-1062.3;680.6;0.0715
31;9;syntax;-1715.1;-1051.2;1327.8;0.0512
8;9;syntax;-1572.9;-1064.8;1016.3;0.053
35;2;morphology;-1131.3;-1093.2;76.2;0.0559
39;7;syntax;-1467.5;-1054.6;825.8;0.0632
5;5;phonology;-289.1;-240.0;98.1;0.0419
2;5;syntax;-1287.5;-1071.7;431.6;0.1001
17;8;phonology;-365.1;-240.5;249.0;0.0389
45;5;syntax;-1294.0;-1069.6;448.8;0.0996
18;5;phonology;-335.9;-228.3;215.2;0.0422
21;8;syntax;-1514.5;-1034.1;960.8;0.0538
25;3;morphology;-1036.3;-971.1;130.4;0.0439
31;2;phonology;-337.8;-323.0;29.5;0.0849
2;9;syntax;-1618.1;-1060.1;1116.0;0.0528
34;4;syntax;-1175.0;-1081.4;187.2;0.1387
15;6;phonology;-330.6;-228.5;204.2;0.0407
48;6;syntax;-1422.4;-1066.0;712.8;0.0751
14;10;phonology;-346.6;-244.1;204.9;0.0387
5;9;phonology;-374.6;-241.5;266.1;0.0397
3;2;syntax;-1268.6;-1217.8;101.5;0.1331
23;6;syntax;-1356.5;-1064.3;584.4;0.0779
40;3;phonology;-301.2;-273.1;56.1;0.0503
19;8;morphology;-1043.0;-855.9;374.3;0.0395
16;5;morphology;-951.2;-875.1;152.2;0.0411
34;10;morphology;-1128.9;-864.7;528.3;0.0383
4;2;phonology;-338.9;-323.4;31.0;0.0855
50;9;syntax;-1523.3;-1052.1;942.4;0.0504
1;6;morphology;-1034.8;-860.2;349.1;0.0392
4;10;syntax;-1508.6;-1059.7;897.8;0.0497
24;5;syntax;-1280.3;-1066.0;428.6;0.0932
11;6;morphology;-997.0;-851.1;291.7;0.0413
12;5;phonology;-311.0;-223.4;175.1;0.0415
40;8;syntax;-1545.3;-1049.1;992.3;0.0554
44;3;morphology;-1023.4;-969.8;107.1;0.0447
8;5;syntax;-1307.8;-1073.3;469.2;0.103
50;2;phonology;-339.8;-324.4;30.9;0.0789
33;7;syntax;-1645.2;-1052.8;1184.9;0.0646
