	GB028	GB030	GB031	GB035	GB037	GB039	GB041	GB042	GB043	GB044	GB046	GB047	GB048	GB049	GB057	GB059	GB068	GB069	GB070	GB071	GB072	GB073	GB079	GB080	GB082	GB083	GB084	GB086	GB089	GB091	GB103	GB105	GB107	GB108	GB110	GB111	GB113	GB114	GB115	GB122	GB147	GB155	GB156	GB158	GB159	GB160	GB166	GB187	GB188	GB196	GB197	GB275	GB296	GB305	GB306	GB312	GB313	GB325	GB333	GB403	GB415	GB431	GB432	GB433	TE018	TE019	TE027	TE052	TE053	TE059	TE066
torg1245	0	0	0	0	0	1	0	0	0	1	-9	1	-9	1	0	-9	0	0	1	1	1	1	0	1	0	1	0	1	0	0	0	0	0	0	-9	-9	1	1	1	-9	1	1	0	0	1	1	0	1	-9	0	0	0	1	1	0	1	0	0	1	-9	1	0	0	1	-9	1	1	1	1	0	1
oldj1239	0	0	0	1	0	0	0	0	0	0	0	-9	-9	-9	1	0	1	1	1	1	1	1	1	1	0	1	1	1	0	0	1	0	1	1	-9	1	1	0	0	-9	1	1	0	1	1	1	0	1	0	0	0	-9	-9	1	0	1	0	-9	-9	0	0	0	1	0	0	0	0	0	1	-9	0
crim1257	0	0	0	1	0	0	0	0	0	1	-9	1	1	1	1	0	1	0	1	1	1	1	0	1	1	1	1	1	1	1	0	0	1	0	-9	0	1	1	1	0	1	1	0	-9	1	1	0	1	0	0	0	1	-9	1	0	1	0	0	1	-9	0	0	1	1	1	1	0	1	0	0	1
bash1264	0	0	0	0	0	0	0	0	0	1	1	1	1	1	0	0	0	0	1	1	1	1	0	1	1	1	1	0	1	1	0	0	1	-9	-9	-9	1	1	1	-9	1	1	0	-9	-9	1	0	1	-9	0	0	1	1	-9	-9	1	1	0	1	-9	0	0	1	1	0	1	0	1	0	0	1
anat1259	0	0	0	1	0	0	0	0	0	1	1	1	1	1	0	0	0	0	1	1	1	1	0	1	1	1	1	1	1	1	0	0	1	0	0	0	1	1	1	0	1	1	0	0	0	1	0	1	0	0	0	0	0	1	0	1	0	1	1	0	0	0	1	1	1	1	1	1	0	0	1
okin1246	0	0	0	1	0	0	0	0	0	0	1	1	1	0	1	-9	-9	-9	1	1	1	1	0	1	1	1	0	1	0	0	0	0	1	0	0	1	1	0	0	-9	1	1	0	-9	-9	-9	0	-9	0	0	0	0	-9	1	1	1	0	0	1	-9	1	0	1	0	0	0	0	0	0	0	0
yaku1245	0	0	1	1	0	0	0	0	0	1	1	1	1	1	0	0	0	0	1	1	1	1	0	1	0	1	1	0	1	1	0	0	1	0	0	0	1	1	1	0	1	1	0	0	0	1	0	1	0	0	0	0	1	1	0	1	1	1	1	0	0	0	0	1	0	0	0	1	1	0	1
daur1238	1	0	0	0	0	1	0	0	0	1	-9	-9	-9	-9	0	0	0	0	1	1	1	1	0	1	1	1	0	1	1	1	0	0	0	0	0	0	1	0	1	0	1	1	0	0	0	1	0	-9	1	0	0	0	1	1	0	1	0	0	1	0	0	0	1	1	1	1	0	1	1	0	1
east2337	1	0	0	0	0	1	0	0	0	1	-9	0	1	0	0	0	0	0	1	1	1	1	0	1	1	1	1	1	0	0	0	0	0	0	0	0	1	0	1	0	1	1	0	0	-9	-9	0	0	0	0	0	0	0	1	-9	1	0	1	1	0	1	0	1	1	1	1	1	1	1	0	1
ikem1235	-9	-9	-9	-9	-9	-9	0	0	0	1	-9	-9	-9	-9	-9	0	0	0	1	-9	1	-9	0	1	1	1	-9	-9	0	0	0	-9	1	-9	-9	1	-9	-9	-9	-9	1	1	0	0	0	0	0	1	0	-9	-9	-9	-9	-9	-9	1	-9	-9	-9	-9	-9	0	1	0	-9	-9	-9	0	-9	0	0
sibe1251	1	0	0	0	0	0	0	0	0	1	1	1	1	1	1	1	0	0	1	1	1	1	0	1	1	1	1	1	1	1	0	0	0	1	0	1	1	0	1	0	1	1	0	0	0	1	0	1	1	0	0	1	0	1	-9	1	0	0	1	0	0	0	1	1	1	1	0	0	0	1	0
nort2697	0	0	0	0	0	0	0	0	0	1	1	1	1	1	0	0	0	0	1	1	1	1	0	1	1	1	1	0	1	1	0	-9	1	0	0	0	1	1	1	0	1	1	0	0	-9	1	0	1	0	0	0	0	0	1	0	1	0	0	1	0	0	0	1	1	1	1	1	1	0	0	1
bona1250	1	0	0	0	1	0	0	0	1	1	1	1	1	1	0	0	0	0	1	1	1	1	0	1	0	1	1	1	0	0	-9	1	0	0	0	-9	1	0	1	-9	0	1	0	1	0	1	1	-9	-9	0	0	0	-9	1	-9	1	-9	-9	1	0	0	0	1	-9	1	1	1	1	1	0	1
ulch1241	0	0	0	0	0	0	0	0	0	1	-9	1	1	1	1	1	0	0	1	1	1	1	0	1	1	1	1	1	1	1	0	0	1	0	0	1	1	1	0	1	1	1	0	0	0	1	0	1	0	0	0	0	1	1	-9	1	0	-9	1	-9	1	0	0	1	1	1	0	0	0	0	0
nort2935	-9	-9	-9	-9	-9	1	-9	0	0	1	-9	-9	-9	-9	-9	0	1	1	1	1	1	1	0	1	1	1	0	1	0	0	0	0	1	0	1	1	-9	0	0	0	1	1	0	1	0	-9	0	1	0	-9	-9	0	-9	-9	-9	1	-9	-9	-9	1	-9	0	1	0	-9	-9	-9	0	-9	0	0
gaga1249	0	0	0	0	0	0	0	0	0	1	1	1	1	1	0	0	1	0	1	1	1	1	0	1	1	1	1	0	1	1	0	0	1	0	0	0	1	1	1	0	1	1	0	-9	0	-9	0	1	0	0	0	0	-9	1	0	1	1	0	1	0	1	0	1	1	0	1	0	1	0	0	1
tara1319	0	0	0	-9	-9	0	0	0	0	1	-9	-9	-9	-9	1	-9	1	1	1	1	1	1	0	1	1	1	0	0	0	0	0	-9	1	0	-9	1	-9	-9	-9	-9	1	1	0	0	0	1	0	1	0	0	0	-9	-9	-9	-9	1	0	-9	-9	-9	0	0	1	0	0	0	1	0	1	0	0
moma1245	0	0	0	0	0	0	0	0	0	1	1	1	1	1	0	0	0	0	1	1	1	1	0	1	1	0	1	0	1	1	0	0	-9	1	-9	1	1	-9	1	-9	1	-9	0	0	0	0	0	-9	1	0	0	1	0	1	-9	1	0	-9	1	-9	0	0	0	1	1	1	0	0	-9	0	0
manc1252	1	0	0	0	0	0	0	0	0	0	-9	1	1	1	0	0	0	0	0	1	0	1	0	1	1	1	1	1	0	0	0	0	1	1	0	1	1	0	1	0	1	1	0	0	0	0	0	1	-9	0	0	0	1	1	1	1	0	0	1	0	0	0	1	0	1	1	0	1	1	1	1
shor1247	0	0	0	1	0	0	0	0	0	1	1	1	1	1	0	0	0	0	1	1	1	1	0	1	1	1	1	1	1	1	0	0	1	0	0	0	1	1	1	0	1	1	0	0	0	-9	0	1	0	0	0	0	-9	-9	-9	1	0	0	1	-9	0	0	1	1	1	1	0	1	1	0	1
kaza1248	0	0	0	1	0	0	0	0	0	1	-9	1	-9	-9	0	0	-9	-9	1	1	1	1	0	1	1	1	0	1	1	1	0	0	1	0	0	0	1	1	1	0	1	1	0	0	0	1	0	1	0	0	0	0	0	1	0	1	0	1	1	0	1	0	1	1	1	1	0	1	0	-9	1
midd1351	1	0	0	0	0	1	0	0	0	0	1	1	1	1	0	0	0	0	1	1	1	1	0	1	1	1	0	0	1	1	0	0	0	0	0	0	1	0	1	0	1	1	0	-9	-9	-9	0	1	0	0	0	-9	0	1	0	1	0	1	1	-9	0	0	1	1	1	1	0	0	1	-9	1
chag1247	0	0	0	0	0	0	0	0	0	1	-9	-9	-9	-9	0	0	-9	-9	1	1	1	1	0	1	1	1	1	1	1	1	0	0	1	0	0	0	-9	-9	-9	0	1	-9	-9	0	0	-9	0	-9	-9	0	0	-9	0	1	0	1	0	-9	-9	0	1	0	1	1	1	1	1	-9	0	-9	1
huih1238	1	0	0	0	0	0	-9	0	0	1	1	-9	-9	-9	0	0	0	0	1	1	1	1	0	1	1	1	1	1	1	1	0	0	0	1	0	-9	1	-9	1	-9	1	1	0	0	0	0	0	-9	-9	0	0	0	-9	1	0	1	0	0	1	-9	0	0	1	1	1	1	0	0	1	0	0
ordo1245	1	0	0	0	0	1	0	0	0	1	-9	1	1	1	0	0	0	0	1	1	1	1	0	1	1	1	0	1	0	0	0	0	1	0	0	0	1	0	0	0	1	1	0	0	0	0	0	0	0	0	0	0	0	1	0	1	0	0	1	0	0	0	1	1	1	0	0	1	1	0	1
turk1303	0	0	0	0	0	0	0	0	0	1	1	1	1	1	0	0	0	0	1	1	1	1	0	1	1	1	0	0	1	1	0	0	1	0	0	0	1	1	1	-9	1	1	0	0	0	1	0	-9	-9	0	0	1	0	0	0	1	0	-9	1	0	0	0	1	1	1	1	0	1	1	0	1
negi1245	1	0	0	0	0	-9	0	0	0	1	1	-9	-9	1	1	1	0	0	1	1	1	1	0	1	1	1	1	1	1	1	0	0	0	1	0	-9	-9	-9	1	-9	1	1	-9	-9	-9	-9	0	1	1	0	0	0	1	1	-9	1	0	-9	1	0	0	0	0	1	1	1	1	0	0	0	0
nana1257	0	0	0	0	0	0	0	0	0	1	1	1	1	0	1	1	0	0	1	1	1	1	0	1	1	1	1	0	1	1	0	0	1	0	0	1	1	0	0	0	0	1	0	0	0	1	0	1	0	0	0	0	1	1	0	1	0	0	1	0	0	0	0	1	1	1	0	0	1	0	0
nort2690	0	0	0	1	0	0	0	0	0	1	-9	-9	-9	-9	0	0	0	0	1	1	1	1	0	1	1	1	1	1	1	1	0	0	1	0	0	0	1	1	1	0	1	1	0	0	1	1	0	-9	-9	0	0	1	0	1	0	1	0	0	1	0	1	0	1	1	1	1	1	-9	0	0	1
shur1243	0	0	0	1	0	0	0	0	0	0	-9	-9	-9	-9	1	0	1	1	1	1	1	1	0	1	1	1	0	1	0	0	0	0	1	0	-9	1	1	-9	-9	1	1	1	0	-9	-9	-9	0	1	0	0	0	-9	-9	-9	-9	1	0	-9	-9	1	1	0	1	0	0	0	0	0	1	0	0
minh1238	0	0	0	0	0	0	0	0	0	1	1	-9	-9	-9	1	0	0	0	1	1	1	1	0	1	-9	1	-9	1	0	0	0	1	0	0	0	0	1	0	1	0	0	1	0	0	0	0	0	-9	-9	0	0	-9	0	1	-9	1	0	-9	1	0	0	0	1	1	1	1	0	1	1	0	1
udih1248	1	0	0	0	0	0	0	0	0	0	1	1	0	1	0	1	0	0	1	1	1	1	0	1	0	1	1	1	1	1	0	0	0	0	0	1	1	1	1	0	1	1	0	0	0	1	0	1	0	0	0	0	1	1	0	1	0	0	1	0	0	0	0	1	1	1	0	1	1	0	0
oira1262	1	0	0	0	0	1	0	0	0	1	-9	1	1	1	0	0	0	0	1	1	1	1	0	1	1	1	0	-9	1	1	0	0	0	0	0	0	1	0	1	0	1	1	0	-9	-9	-9	0	1	0	0	0	-9	0	1	0	0	0	0	1	0	0	0	1	1	1	1	1	1	1	0	1
hate1238	0	0	0	0	0	0	0	0	0	0	-9	-9	-9	-9	1	0	1	0	1	1	1	1	0	1	1	1	0	1	0	0	0	0	1	0	-9	1	1	-9	-9	1	1	1	0	-9	-9	-9	0	1	-9	0	0	-9	-9	1	-9	1	-9	-9	-9	-9	0	1	1	0	0	0	0	0	0	0	0
tata1255	0	0	0	1	0	0	0	0	0	1	-9	1	1	1	0	0	0	0	1	1	1	1	0	1	1	1	1	0	1	1	0	0	1	0	0	0	1	1	1	-9	1	1	0	0	0	0	0	1	0	0	0	1	0	1	-9	1	0	-9	1	0	0	0	1	1	1	1	0	1	0	0	1
turk1304	0	0	0	0	0	0	0	0	0	1	1	1	1	1	0	0	0	0	1	1	1	1	0	1	1	1	1	1	1	1	0	0	1	0	0	0	1	1	1	0	1	1	0	0	1	1	0	1	0	0	0	1	0	1	-9	1	0	0	1	0	0	0	1	1	1	1	1	1	0	0	1
oroc1248	1	0	0	0	0	0	0	0	0	0	1	1	1	1	-9	1	0	0	1	1	1	1	0	1	1	1	1	1	1	1	0	0	1	1	0	1	1	1	1	-9	1	1	0	0	0	1	0	1	0	0	0	0	1	1	0	1	0	0	1	-9	0	0	0	1	1	1	0	0	1	0	0
chuv1255	0	0	0	1	0	0	0	0	0	1	1	1	0	1	0	1	0	0	1	1	1	1	0	1	1	1	0	0	1	1	0	1	1	0	0	1	1	1	1	0	0	1	0	0	0	1	0	0	0	0	0	1	0	1	0	1	0	0	1	0	1	0	1	1	1	1	-9	1	1	0	1
noga1249	0	0	0	-9	-9	0	0	0	0	1	-9	1	-9	-9	0	0	0	0	1	1	1	1	0	1	1	1	1	1	1	1	0	0	1	0	0	0	1	1	1	-9	1	1	0	-9	0	-9	0	-9	-9	0	0	1	0	1	0	1	0	0	1	0	0	0	1	1	1	1	1	-9	0	-9	1
dong1285	1	0	0	0	0	0	0	0	0	1	-9	-9	1	1	1	0	0	0	1	1	1	1	0	1	1	1	0	1	1	1	0	0	0	0	0	0	1	0	1	0	0	1	0	0	0	1	0	1	0	0	0	0	0	1	0	1	0	0	1	0	0	0	1	1	1	1	0	1	1	0	1
halh1238	0	0	-9	0	0	1	0	0	0	1	0	1	1	1	0	0	0	0	1	1	1	1	0	1	1	1	0	1	0	0	0	0	1	-9	0	0	1	1	1	0	1	1	0	-9	-9	0	0	0	0	0	0	0	0	1	0	1	1	1	1	0	0	0	1	1	1	1	1	1	1	0	1
ogam1239	0	0	0	0	0	0	0	0	0	0	1	0	1	0	1	0	0	0	1	1	1	1	0	1	0	1	0	1	0	0	0	0	1	1	0	1	1	0	-9	0	1	1	0	0	0	1	0	1	0	0	0	0	1	1	-9	1	0	0	1	1	0	0	1	0	0	0	0	0	1	0	0
cent2126	-9	-9	-9	-9	-9	1	-9	0	0	-9	-9	1	-9	-9	-9	0	1	1	1	1	1	1	0	1	1	0	0	1	0	0	0	0	1	0	-9	1	-9	-9	-9	-9	1	1	0	-9	-9	1	0	1	0	-9	-9	-9	-9	-9	-9	1	-9	-9	-9	-9	-9	0	1	0	-9	-9	-9	0	0	0	0
yona1241	0	0	0	1	0	0	-9	0	0	1	1	-9	-9	-9	1	0	1	1	1	1	1	1	0	1	1	1	0	1	0	0	0	0	1	0	-9	1	-9	0	0	1	1	1	0	-9	-9	-9	0	1	1	0	0	-9	-9	1	0	1	0	-9	-9	-9	0	0	1	0	0	0	1	0	1	0	0
kore1280	0	0	0	1	0	-9	0	0	0	1	1	1	1	1	1	0	1	1	1	0	1	1	0	1	0	1	1	0	0	0	0	1	1	0	-9	1	1	1	1	1	1	1	1	0	1	1	0	1	0	0	0	0	1	1	1	1	0	1	1	-9	1	0	1	0	0	0	1	0	1	1	0
tuvi1240	0	0	0	0	0	0	0	0	0	1	-9	1	1	1	0	0	-9	-9	1	1	1	1	0	1	1	1	1	1	1	1	0	-9	1	0	0	-9	1	1	1	-9	1	1	0	1	-9	-9	0	1	0	0	0	0	-9	-9	-9	1	1	1	1	0	0	0	1	1	1	1	0	1	0	1	1
huzh1238	0	0	0	0	0	1	0	1	0	1	-9	1	-9	1	0	0	0	0	1	1	1	1	0	1	1	1	0	1	0	0	0	0	0	0	0	0	1	0	1	0	0	1	0	0	0	-9	0	1	0	0	0	-9	0	1	0	1	0	-9	1	0	0	0	1	1	1	0	1	1	1	0	1
khak1248	0	0	0	1	0	0	-9	0	0	1	1	1	0	1	0	0	0	0	1	1	1	1	0	1	1	1	1	1	1	1	0	0	1	0	0	-9	1	1	1	-9	1	1	0	-9	-9	1	0	1	0	0	0	0	1	-9	-9	1	0	1	1	-9	0	0	1	1	1	1	0	-9	0	0	1
oldu1238	0	0	0	0	0	0	0	0	0	1	-9	1	1	1	0	-9	0	0	1	1	1	1	0	1	0	1	1	1	1	1	0	0	1	0	0	0	1	1	0	0	1	1	0	0	0	1	0	1	0	0	0	0	0	1	0	1	0	0	1	0	0	0	1	1	1	1	1	-9	1	-9	1
nucl1643	0	1	0	1	0	1	0	0	0	0	1	1	0	1	1	0	1	1	1	1	1	1	0	1	1	1	0	1	0	0	0	1	1	0	0	1	1	0	1	1	1	1	0	0	0	1	0	1	0	1	1	0	1	1	1	1	0	0	1	1	1	0	1	0	0	0	0	0	1	0	0
orok1265	0	0	0	0	0	0	-9	0	0	0	-9	-9	-9	-9	0	1	0	0	1	1	1	1	0	1	1	1	1	-9	1	1	0	0	0	0	0	1	1	-9	-9	0	1	1	0	-9	-9	-9	0	-9	-9	0	0	0	-9	1	-9	1	0	0	1	-9	0	0	1	1	1	1	-9	0	1	1	0
midd1372	0	0	0	1	0	1	0	0	0	0	0	1	0	1	-9	0	1	1	1	1	1	1	0	1	1	1	0	1	0	0	1	0	-9	0	0	0	1	0	0	1	1	1	0	-9	-9	-9	0	-9	-9	0	0	0	0	1	-9	1	0	1	1	0	1	0	1	0	0	0	1	0	1	1	0
mogh1245	1	0	0	0	0	1	-9	0	0	1	-9	1	1	1	0	0	0	0	1	1	1	1	0	1	1	1	-9	1	1	1	0	-9	0	-9	-9	-9	1	-9	-9	-9	1	1	0	-9	-9	-9	0	1	0	0	0	1	-9	1	-9	1	0	0	1	-9	0	0	1	1	1	1	1	0	1	0	1
uigh1240	0	0	0	1	0	0	0	0	0	1	1	-9	-9	-9	0	0	0	0	1	1	1	1	0	1	1	1	0	1	1	1	0	0	1	0	0	0	-9	-9	-9	-9	-9	-9	0	-9	-9	-9	0	-9	-9	0	0	-9	0	-9	-9	1	0	-9	-9	0	1	0	1	1	1	1	-9	1	0	-9	1
kara1467	0	0	0	0	1	0	0	0	0	1	-9	1	-9	1	0	0	-9	-9	1	1	1	1	0	1	1	1	0	1	1	1	0	0	1	0	0	0	1	1	1	0	1	1	0	0	0	1	0	1	0	0	0	1	0	1	0	1	0	0	1	0	1	0	1	1	1	1	1	1	0	0	1
russ1264	0	0	0	0	0	0	0	0	0	1	0	1	1	1	0	0	-9	0	1	1	1	1	0	1	1	1	0	1	1	1	0	-9	1	0	0	0	1	0	1	0	1	1	0	0	0	1	0	1	-9	0	0	0	0	1	0	1	1	0	1	0	1	0	1	1	1	1	1	1	1	0	1
sout2954	0	0	1	1	0	1	0	0	0	0	1	-9	1	-9	1	0	1	-9	1	1	1	-9	0	1	1	1	0	1	0	0	0	0	1	0	-9	-9	-9	-9	-9	1	1	1	0	-9	-9	1	0	1	0	0	0	-9	-9	1	-9	1	1	1	1	-9	1	0	1	0	0	0	0	0	0	0	0
berj1234	1	0	0	0	0	1	0	0	0	1	-9	-9	-9	-9	0	1	0	0	1	1	1	1	0	1	1	1	1	1	1	1	0	0	1	1	0	1	1	0	1	-9	1	1	0	-9	-9	-9	0	1	0	0	0	1	-9	1	-9	1	0	-9	1	0	0	0	0	1	0	1	0	0	1	0	0
kham1281	1	0	0	0	0	0	1	0	0	0	-9	-9	1	-9	0	0	0	0	1	1	1	1	0	1	1	1	0	1	1	1	0	0	-9	0	0	0	-9	-9	-9	0	-9	-9	0	0	0	-9	0	-9	-9	0	0	-9	0	1	0	1	0	1	1	0	1	0	1	1	1	1	1	1	1	-9	1
dolg1241	0	0	1	1	0	0	0	0	0	1	-9	1	-9	1	0	0	1	0	1	1	1	1	0	1	1	1	0	0	1	1	0	0	1	0	0	0	1	1	1	0	1	1	0	0	0	0	0	-9	0	0	0	0	0	1	0	1	1	0	1	0	0	0	0	1	0	1	0	1	1	1	1
