	TE003	TE004	TE005	TE006	TE007	TE008	TE031	TE037	TE038	TE039	TE078	TS079	TS080	TS088
torg1245	1	0	0	-9	0	1	1	1	1	1	0	-9	-9	0
oldj1239	0	0	1	-9	-9	1	1	0	0	0	0	0	0	0
crim1257	1	0	0	0	0	1	1	1	1	0	0	0	1	0
bash1264	1	0	0	0	0	1	1	1	1	0	-9	0	1	0
anat1259	1	0	0	0	0	1	0	1	1	0	0	0	1	0
okin1246	0	0	0	1	0	1	0	1	0	1	0	0	0	0
yaku1245	1	0	0	0	0	1	1	0	1	1	0	0	1	0
daur1238	1	0	0	0	0	0	1	0	1	1	0	0	1	1
east2337	1	0	-9	-9	1	0	1	1	1	1	0	1	0	1
ikem1235	0	0	0	-9	1	1	0	1	0	1	0	0	0	0
sibe1251	0	1	1	0	0	1	1	0	1	1	0	1	1	0
nort2697	1	0	0	0	0	1	0	1	1	0	0	0	1	0
bona1250	0	0	1	1	1	1	1	1	1	1	0	0	0	1
ulch1241	1	0	1	0	0	1	1	0	1	1	0	-9	-9	0
nort2935	0	0	0	-9	0	1	0	0	0	-9	0	0	0	0
gaga1249	1	0	0	0	0	1	0	1	1	1	0	0	1	0
tara1319	0	0	0	1	1	1	0	1	0	1	0	0	0	0
moma1245	-9	-9	1	0	-9	1	1	0	1	1	0	0	0	0
manc1252	0	1	0	0	0	1	1	1	1	0	0	0	0	0
shor1247	1	0	0	0	0	1	1	1	1	1	0	0	1	0
kaza1248	1	0	0	0	0	1	1	1	1	0	0	0	1	0
midd1351	1	0	-9	-9	0	1	1	1	1	0	0	0	0	0
chag1247	1	0	-9	-9	-9	-9	-9	-9	-9	-9	-9	0	0	-9
huih1238	0	1	0	0	0	1	1	0	1	1	0	-9	-9	0
ordo1245	1	0	0	0	0	0	1	0	1	1	0	0	1	1
turk1303	1	0	0	0	0	1	1	1	1	1	0	0	1	0
negi1245	0	1	1	0	0	1	1	0	0	1	0	0	0	0
nana1257	0	0	1	0	0	1	1	0	1	1	0	1	0	0
nort2690	1	0	0	1	-9	1	1	1	1	0	0	0	0	0
shur1243	0	0	0	1	0	1	0	0	0	1	0	0	0	0
minh1238	0	0	0	1	1	0	0	0	1	0	0	0	0	1
udih1248	0	0	1	0	0	1	1	0	0	1	0	1	1	0
oira1262	1	0	-9	-9	0	1	1	1	1	1	0	0	1	1
hate1238	0	0	0	0	0	1	0	1	0	-9	0	0	0	0
tata1255	1	0	0	0	0	1	1	1	1	0	0	0	1	0
turk1304	1	0	0	0	0	1	1	1	1	1	0	0	1	0
oroc1248	0	1	1	0	0	1	1	1	1	1	0	1	0	0
chuv1255	1	0	0	0	0	0	0	0	1	0	0	0	1	0
noga1249	1	0	-9	-9	0	1	1	1	1	0	0	0	0	0
dong1285	0	0	0	-9	0	1	1	0	1	0	1	0	0	1
halh1238	-9	-9	0	0	0	0	1	1	1	1	0	0	0	1
ogam1239	0	0	0	1	1	0	0	0	0	1	0	0	0	0
cent2126	0	0	0	-9	0	1	0	1	0	1	0	0	0	0
yona1241	0	0	-9	-9	0	1	1	0	0	0	1	0	0	1
kore1280	1	0	0	1	0	0	1	0	0	1	1	0	0	1
tuvi1240	1	0	0	0	0	0	1	0	1	1	0	0	1	0
huzh1238	0	0	-9	1	1	0	1	1	1	1	0	0	0	1
khak1248	1	0	0	0	0	1	1	1	1	1	0	0	1	0
oldu1238	1	0	-9	0	0	1	1	1	1	1	0	0	1	0
nucl1643	0	0	0	1	0	1	0	1	0	1	0	0	0	0
orok1265	0	1	1	0	0	1	1	0	0	1	0	-9	-9	0
midd1372	0	1	-9	-9	1	0	1	1	0	0	1	0	0	1
mogh1245	0	0	-9	-9	0	1	1	1	1	0	0	-9	-9	0
uigh1240	1	0	0	-9	0	1	1	1	1	0	0	0	1	0
kara1467	1	0	-9	-9	0	1	1	1	1	0	0	0	1	0
russ1264	1	0	0	0	0	1	1	1	1	1	0	-9	-9	0
sout2954	0	0	0	1	0	1	0	0	0	1	0	0	0	0
berj1234	0	1	1	0	0	1	1	0	1	1	0	0	0	0
kham1281	1	0	0	0	0	1	1	0	1	1	0	0	1	0
dolg1241	1	0	0	0	0	1	1	1	1	1	0	0	1	0
