	GB020	GB021	GB022	GB023	GB026	GB027	GB074	GB075	GB117	GB118	GB119	GB120	GB121	GB123	GB126	GB127	GB132	GB133	GB134	GB135	GB136	GB137	GB138	GB139	GB140	GB150	GB151	GB152	GB167	GB184	GB185	GB250	GB252	GB253	GB254	GB256	GB257	GB263	GB264	GB265	GB266	GB273	GB276	GB285	GB286	GB297	GB298	GB299	GB301	GB302	GB304	GB309	GB316	GB318	GB324	GB326	GB327	GB328	GB329	GB330	GB400	GB401	GB408	GB409	GB410	GB421	GB422	GB519	GB520	GB521	GB522	TE050	TE054	TS001	TS002	TS003	TS005	TS006	TS007	TS009	TS010	TS086
torg1245	0	0	0	0	-9	-9	0	1	-9	-9	1	1	1	-9	-9	-9	0	1	-9	1	0	1	0	1	0	1	0	0	0	0	0	0	1	1	0	1	0	1	0	0	1	0	0	0	1	0	0	1	-9	0	-9	0	0	0	1	1	0	1	-9	0	-9	-9	1	0	1	-9	-9	0	0	0	-9	0	0	1	0	1	1	1	1	-9	-9	1
oldj1239	0	0	0	0	0	0	0	1	1	1	0	0	0	1	0	-9	0	1	1	1	0	1	0	1	0	1	0	1	0	0	0	-9	-9	-9	-9	-9	-9	1	1	1	-9	-9	-9	0	0	0	0	0	0	0	1	0	0	0	0	1	0	1	0	0	0	0	1	1	0	0	-9	0	0	0	1	0	1	1	-9	1	1	0	1	1	-9	1
crim1257	0	0	1	0	-9	1	0	1	1	0	1	0	0	1	1	-9	0	1	1	1	1	1	0	-9	0	1	0	0	0	0	0	0	1	0	1	0	0	1	0	0	1	0	0	0	0	0	0	0	-9	0	1	1	0	0	-9	1	0	1	0	0	0	-9	1	0	1	1	-9	1	0	1	1	0	1	1	0	1	1	1	1	-9	-9	1
bash1264	0	0	0	0	-9	1	0	1	1	-9	1	1	0	-9	1	-9	0	1	1	-9	-9	1	0	0	0	1	0	1	0	0	0	0	1	0	1	0	1	1	0	0	1	0	0	0	0	0	0	0	-9	0	-9	0	0	0	0	0	0	1	0	0	-9	-9	1	-9	1	-9	-9	0	0	0	1	0	1	1	0	1	1	1	1	-9	-9	1
anat1259	0	0	1	0	1	0	0	1	1	1	1	1	1	1	1	0	0	1	1	1	1	1	0	0	0	1	0	1	0	0	0	0	0	0	1	0	0	1	0	0	1	0	1	0	0	0	0	0	1	0	1	0	0	0	0	1	0	1	0	0	0	0	1	0	1	1	0	0	0	0	1	0	1	1	0	1	1	1	1	1	0	1
okin1246	0	0	0	0	-9	-9	0	1	1	-9	0	1	0	1	1	0	0	1	1	-9	-9	1	0	1	0	1	0	-9	0	0	-9	-9	-9	-9	-9	-9	0	1	0	-9	-9	1	0	0	0	0	0	0	-9	0	1	0	0	0	1	1	0	1	-9	0	0	-9	1	0	0	0	0	0	0	0	1	0	1	1	1	1	1	0	1	-9	-9	1
yaku1245	0	0	0	0	1	1	0	1	1	0	1	1	1	1	1	1	0	1	1	-9	1	1	0	1	0	1	0	1	0	0	0	0	0	0	0	1	0	1	0	0	-9	1	0	0	0	0	0	1	-9	0	1	1	0	0	1	1	0	1	1	0	0	-9	1	0	1	0	0	0	0	1	-9	0	1	1	0	1	1	1	1	1	1	1
daur1238	0	0	0	0	-9	1	0	1	-9	0	1	1	0	0	-9	-9	0	1	1	1	-9	0	0	1	0	1	0	1	0	0	-9	0	1	1	0	1	0	1	0	0	1	0	0	0	0	0	0	1	-9	0	1	0	0	0	0	1	0	1	0	0	0	-9	1	0	1	0	0	0	0	0	1	0	1	1	0	1	1	1	1	-9	-9	1
east2337	0	0	0	0	0	-9	0	1	1	1	1	1	1	0	-9	-9	0	1	1	-9	-9	1	0	1	0	1	0	1	0	0	1	-9	-9	-9	-9	-9	0	1	0	0	1	0	0	0	0	0	0	1	-9	0	-9	0	0	0	1	1	0	1	0	0	1	-9	1	0	1	-9	-9	0	0	0	-9	0	-9	-9	-9	1	1	1	1	0	1	1
ikem1235	0	0	0	0	-9	-9	0	1	1	-9	0	1	0	1	1	0	0	1	-9	-9	0	1	0	1	0	1	0	1	-9	-9	-9	1	-9	-9	-9	-9	0	1	0	-9	-9	-9	-9	0	0	0	0	0	-9	0	1	0	0	0	-9	-9	0	1	-9	-9	0	-9	1	0	0	-9	-9	1	0	0	1	0	1	0	1	1	1	0	1	-9	-9	1
sibe1251	0	0	0	0	-9	1	0	1	1	0	1	1	1	-9	0	-9	0	1	1	0	0	0	0	0	0	1	0	1	0	1	1	0	0	1	1	0	1	1	0	0	1	0	0	0	0	0	1	0	0	0	1	1	0	0	1	0	0	1	1	0	0	0	1	0	0	0	0	0	0	0	0	0	1	1	0	1	1	1	1	1	0	1
nort2697	0	0	0	0	0	1	0	1	1	0	1	1	1	1	1	0	0	1	1	0	1	1	0	1	0	1	0	0	0	0	0	0	1	0	1	0	1	1	0	0	1	0	0	0	0	0	0	0	1	0	1	1	0	0	0	1	1	1	-9	-9	0	0	1	0	1	-9	-9	0	0	0	1	0	1	1	0	1	1	1	1	1	0	1
bona1250	0	0	0	0	0	-9	0	1	1	-9	1	1	0	-9	0	0	0	1	1	-9	1	0	0	1	0	0	0	-9	1	0	-9	0	1	1	0	0	0	0	0	0	1	0	0	0	1	0	0	1	-9	0	0	-9	0	0	1	1	0	1	0	-9	-9	-9	1	0	1	-9	-9	0	0	1	1	0	1	1	1	1	-9	-9	1	0	1	1
ulch1241	0	0	0	0	0	-9	0	1	1	0	-9	-9	1	-9	0	-9	0	1	-9	1	0	1	0	1	-9	-9	0	1	0	0	1	-9	-9	-9	-9	-9	0	1	1	0	0	1	0	0	0	0	1	1	-9	0	-9	0	0	0	1	-9	0	1	-9	-9	0	-9	1	0	0	-9	-9	0	0	0	-9	-9	1	1	0	-9	1	1	1	-9	-9	1
nort2935	0	0	0	0	0	-9	0	1	-9	0	-9	1	1	1	-9	0	0	1	1	1	0	1	0	1	0	1	0	1	-9	0	-9	-9	-9	-9	-9	-9	1	1	0	0	0	1	0	0	0	0	0	0	-9	0	1	0	0	0	-9	1	0	1	0	0	0	-9	1	0	0	0	1	0	0	0	1	-9	1	-9	-9	1	1	0	1	-9	-9	1
gaga1249	0	0	1	0	-9	0	0	1	1	0	0	0	0	1	0	0	1	1	1	1	0	1	0	0	0	0	0	-9	0	0	0	0	1	0	1	0	1	1	0	0	1	0	1	0	0	0	0	0	1	0	-9	1	0	0	1	1	1	1	0	0	0	1	1	0	1	1	0	1	0	0	1	0	1	1	0	1	1	1	1	1	0	1
tara1319	0	0	0	0	0	-9	0	1	1	-9	0	1	0	-9	-9	-9	0	1	-9	-9	0	1	0	1	1	-9	0	-9	0	0	-9	1	-9	-9	-9	-9	0	1	0	-9	-9	-9	-9	0	0	0	1	0	-9	0	-9	0	0	0	-9	1	0	1	-9	0	0	-9	1	0	0	-9	-9	0	0	0	1	-9	1	-9	-9	1	1	0	1	-9	-9	1
moma1245	0	0	0	0	-9	0	0	1	-9	-9	0	0	0	-9	-9	-9	0	1	-9	-9	-9	-9	-9	0	-9	-9	0	1	0	1	1	0	1	0	0	0	-9	-9	-9	0	1	0	0	-9	-9	-9	1	-9	-9	0	-9	-9	0	0	-9	-9	-9	-9	-9	-9	0	-9	1	0	0	-9	-9	0	0	0	1	1	-9	1	0	1	1	1	1	0	1	1
manc1252	0	1	1	0	-9	-9	0	1	1	0	1	1	1	-9	0	0	0	1	1	0	0	1	0	1	0	1	0	1	0	0	1	0	1	1	0	0	0	1	0	0	1	1	0	1	0	1	0	0	-9	0	1	1	0	0	1	1	0	1	1	0	0	-9	1	0	1	0	0	0	0	0	1	0	0	1	1	1	1	0	1	1	1	1
shor1247	0	0	0	0	-9	0	0	1	1	1	1	1	1	-9	1	-9	0	1	1	-9	1	1	0	0	0	1	0	1	0	0	0	0	0	0	1	0	0	1	0	0	1	0	0	0	0	0	0	-9	1	0	-9	1	0	0	1	1	-9	-9	0	0	0	-9	1	0	1	-9	-9	0	0	0	1	0	1	1	0	1	1	1	1	-9	-9	1
kaza1248	0	0	-9	0	-9	0	0	1	0	0	1	1	0	-9	1	-9	0	1	-9	1	1	1	0	-9	0	1	0	1	0	0	0	0	1	0	1	0	0	1	0	0	1	0	0	0	0	0	0	-9	-9	0	1	1	0	0	1	-9	-9	-9	-9	-9	0	0	1	0	1	1	0	0	0	0	1	0	-9	1	0	1	1	1	1	1	0	1
midd1351	0	0	0	0	-9	1	0	1	1	0	1	0	-9	-9	-9	-9	0	1	1	-9	-9	0	0	1	0	1	0	1	0	1	1	-9	-9	-9	-9	-9	-9	-9	-9	-9	-9	-9	-9	-9	-9	-9	0	1	-9	0	-9	1	0	0	0	-9	-9	-9	-9	-9	0	-9	1	0	1	-9	-9	0	0	1	1	0	-9	1	0	1	1	1	1	-9	-9	1
chag1247	0	0	0	0	-9	-9	1	1	1	0	1	1	1	-9	1	-9	0	1	1	1	-9	1	0	1	0	1	0	1	0	-9	-9	-9	-9	-9	-9	-9	0	1	0	-9	-9	-9	-9	0	0	0	0	0	-9	-9	-9	1	0	0	-9	-9	1	1	0	0	0	-9	1	0	-9	-9	-9	0	0	0	1	0	-9	1	0	1	1	1	-9	-9	-9	1
huih1238	0	0	0	0	1	-9	0	1	1	-9	1	1	1	1	-9	0	0	1	1	1	0	0	-9	0	0	1	0	1	0	0	-9	0	1	1	1	1	0	1	0	0	1	0	0	0	0	0	1	-9	-9	0	1	1	0	0	0	1	0	1	0	0	-9	-9	1	0	0	0	0	0	0	0	-9	0	1	1	0	1	1	1	1	-9	-9	1
ordo1245	0	0	0	0	0	-9	0	1	1	0	0	1	1	0	-9	-9	0	1	1	0	-9	1	0	-9	-9	1	0	1	0	0	-9	0	-9	-9	0	-9	0	1	0	0	1	1	0	0	0	0	0	0	-9	0	1	0	0	0	0	-9	1	0	0	0	0	-9	1	0	1	0	0	0	0	0	1	0	1	1	0	1	1	1	1	-9	-9	1
turk1303	0	0	1	0	1	0	0	1	1	-9	0	0	1	-9	1	-9	1	1	0	-9	1	1	0	0	0	-9	0	0	0	0	1	0	0	0	1	0	-9	-9	-9	0	1	0	0	-9	-9	-9	0	0	-9	0	-9	1	0	0	0	-9	1	1	0	0	0	-9	1	0	1	1	0	-9	0	0	1	0	-9	1	0	1	1	1	1	-9	-9	1
negi1245	0	0	0	0	1	0	0	1	-9	-9	1	0	1	-9	-9	-9	0	1	1	-9	0	1	0	1	-9	1	0	0	0	0	-9	0	0	1	0	0	0	1	0	0	1	0	0	0	0	0	1	0	-9	0	1	1	0	0	0	-9	-9	-9	-9	-9	0	-9	1	0	0	-9	-9	0	0	0	-9	0	1	1	0	1	1	1	1	-9	-9	1
nana1257	0	0	0	0	1	1	0	1	1	0	0	0	1	0	0	0	0	1	1	1	0	1	0	1	1	1	0	1	0	0	0	0	1	1	0	1	0	1	0	0	0	1	0	0	0	0	1	0	0	0	0	0	0	0	1	1	0	1	0	0	0	0	1	0	0	0	0	0	0	0	1	0	1	1	0	1	1	1	1	1	0	1
nort2690	0	0	1	0	0	1	0	1	1	0	1	1	1	-9	1	-9	0	1	1	1	-9	1	0	-9	0	1	0	1	0	0	1	0	1	1	1	0	0	1	0	0	1	0	0	0	0	0	0	0	-9	0	1	1	0	0	0	0	0	1	0	0	0	-9	1	0	-9	0	1	1	0	0	1	0	1	1	0	1	1	1	1	1	0	1
shur1243	0	0	0	0	0	-9	0	1	1	-9	0	1	0	-9	1	0	0	1	1	-9	0	1	0	-9	0	1	0	1	0	0	0	-9	-9	-9	-9	-9	0	1	0	-9	-9	-9	-9	0	0	0	0	0	-9	0	1	0	0	0	0	-9	0	1	-9	0	0	-9	1	0	0	-9	-9	0	0	0	-9	-9	1	-9	-9	1	1	0	1	-9	-9	1
minh1238	0	0	0	1	0	-9	0	1	1	1	0	0	0	-9	0	0	0	1	1	1	1	0	0	1	0	1	0	0	0	0	-9	0	1	1	0	0	0	0	0	0	1	0	0	0	1	0	0	1	0	0	0	0	1	1	1	1	0	1	0	0	0	-9	1	0	1	0	0	0	0	0	1	0	1	1	1	1	1	0	1	-9	-9	1
udih1248	1	0	0	1	1	1	0	1	1	0	1	1	1	1	1	0	0	1	1	0	0	0	0	0	0	1	1	1	0	1	0	0	1	1	1	1	1	0	0	0	1	0	0	0	0	0	1	0	1	0	1	1	0	0	0	0	1	1	1	0	1	0	1	-9	1	0	0	0	0	0	1	0	0	1	1	1	1	1	1	1	1	1
oira1262	0	0	0	0	-9	-9	0	1	1	0	1	-9	1	-9	-9	-9	0	1	-9	-9	-9	0	0	1	0	1	0	1	0	-9	-9	-9	-9	-9	-9	-9	0	1	0	0	1	0	-9	0	0	0	0	1	-9	0	1	0	0	0	0	-9	0	1	0	0	0	-9	1	0	1	-9	-9	0	0	0	1	0	-9	1	0	1	1	1	-9	1	0	1
hate1238	0	0	0	0	-9	-9	0	-9	1	-9	1	1	0	1	1	0	0	1	1	-9	1	1	0	1	1	1	0	1	0	0	0	1	1	0	0	0	0	1	0	-9	1	1	-9	0	0	0	0	0	-9	0	1	0	0	0	-9	-9	0	1	-9	-9	0	-9	0	0	1	-9	1	0	0	0	1	1	1	1	1	1	1	0	1	1	-9	1
tata1255	0	0	0	0	-9	1	0	1	1	0	1	1	1	1	-9	-9	0	1	1	1	-9	1	0	0	-9	-9	0	1	0	0	0	-9	-9	-9	-9	-9	1	1	0	0	1	0	0	0	0	0	0	0	-9	0	-9	0	0	0	0	1	0	1	0	0	1	-9	1	0	0	1	0	1	0	0	1	0	1	1	0	1	1	1	1	1	0	1
turk1304	0	0	1	0	0	0	0	1	-9	0	1	1	0	1	-9	-9	0	1	1	-9	1	1	0	0	0	1	0	1	0	0	0	0	1	0	1	0	0	1	0	0	1	0	0	0	0	0	0	0	-9	0	1	1	0	0	-9	1	0	1	-9	-9	1	-9	1	0	1	-9	-9	1	1	0	1	0	1	1	0	1	1	1	1	1	0	1
oroc1248	0	0	1	0	-9	0	0	1	1	-9	1	0	0	-9	-9	-9	0	1	-9	-9	-9	1	1	1	-9	1	-9	1	0	0	0	-9	-9	-9	1	-9	-9	1	0	0	1	0	0	0	0	0	1	0	-9	0	1	0	0	0	-9	-9	-9	1	-9	-9	0	-9	1	0	0	-9	-9	0	0	0	1	0	-9	1	0	1	1	1	1	-9	-9	1
chuv1255	0	0	0	0	0	0	0	1	0	0	1	1	1	1	0	0	0	1	1	1	1	1	0	1	0	1	0	0	0	0	0	0	0	0	1	0	0	1	0	0	1	0	0	0	0	0	0	0	-9	0	0	1	0	0	0	1	0	1	0	0	1	0	1	0	1	0	0	0	0	0	1	0	1	1	0	1	1	1	1	1	0	1
noga1249	0	0	1	0	-9	0	0	1	1	0	1	1	1	-9	-9	-9	0	1	1	1	-9	1	0	-9	-9	1	0	1	0	0	-9	-9	-9	-9	-9	-9	-9	-9	-9	0	1	0	1	-9	0	0	0	0	-9	0	-9	1	0	0	0	1	0	1	0	0	0	-9	1	0	-9	0	0	0	0	0	1	-9	-9	1	0	1	1	1	1	1	0	1
dong1285	0	1	1	0	0	-9	0	1	1	0	1	1	1	-9	1	-9	0	1	1	1	1	0	0	1	0	1	0	1	0	0	-9	0	1	1	0	-9	0	1	0	0	1	0	0	0	0	0	0	1	-9	1	1	0	0	0	0	-9	0	1	0	0	0	-9	1	0	1	0	0	0	0	0	1	0	-9	1	0	1	1	1	1	-9	-9	1
halh1238	0	0	0	0	-9	1	0	1	1	-9	1	1	0	-9	0	0	0	1	-9	1	1	0	0	1	0	1	0	1	0	0	0	0	1	1	0	1	0	1	0	0	1	0	0	0	0	0	-9	1	-9	0	1	0	0	0	1	1	0	1	0	0	0	-9	1	-9	1	0	0	0	0	0	1	0	1	1	1	1	1	1	1	-9	-9	1
ogam1239	0	0	0	0	0	0	0	1	0	1	1	1	0	-9	1	0	0	1	1	1	0	1	0	1	0	1	0	1	1	0	0	0	1	0	0	0	1	1	0	0	0	1	0	0	1	0	0	0	0	0	1	0	0	0	0	1	0	1	0	0	0	-9	1	0	0	0	1	1	1	0	1	0	-9	1	1	1	1	0	1	1	0	1
cent2126	0	0	0	0	0	-9	0	1	1	-9	0	0	0	1	1	-9	0	1	1	1	-9	1	0	1	0	1	0	1	-9	0	-9	-9	-9	-9	-9	-9	-9	1	0	-9	-9	-9	-9	0	0	0	0	0	-9	0	1	0	0	0	-9	-9	0	1	0	0	0	-9	1	0	0	-9	-9	0	0	0	1	0	-9	1	1	1	1	0	1	-9	-9	1
yona1241	0	0	0	0	-9	-9	0	1	1	-9	1	1	0	1	1	0	0	1	1	1	0	1	0	1	1	1	0	-9	0	0	-9	0	1	0	0	0	0	1	0	0	0	1	-9	0	0	0	1	0	-9	0	1	0	0	0	-9	1	0	1	-9	-9	0	1	1	0	0	0	1	0	0	0	1	-9	1	-9	-9	1	1	0	1	-9	-9	1
kore1280	0	0	0	0	-9	0	0	1	1	1	0	1	0	1	1	-9	0	1	1	1	0	0	0	1	1	1	0	1	0	0	0	0	1	0	1	0	0	1	0	0	0	1	1	0	0	0	0	1	0	0	1	1	0	0	0	1	0	1	0	0	0	-9	1	-9	1	0	1	0	0	0	1	0	0	0	1	1	1	0	1	0	1	1
tuvi1240	0	0	0	0	-9	-9	-9	-9	-9	-9	0	0	0	-9	-9	-9	0	1	-9	-9	-9	1	0	-9	-9	1	0	1	0	0	-9	0	1	0	0	0	0	1	0	0	1	0	0	0	0	0	0	0	-9	0	1	0	0	0	1	-9	-9	-9	-9	-9	0	-9	1	0	1	-9	-9	0	0	0	1	0	-9	1	0	1	1	1	1	-9	-9	1
huzh1238	1	0	1	1	0	-9	0	1	-9	-9	0	0	0	-9	1	-9	0	1	1	1	-9	0	0	1	0	1	0	1	0	-9	1	0	1	1	0	-9	0	1	0	0	1	0	-9	0	0	0	1	1	0	0	0	0	0	0	-9	-9	0	1	0	0	0	-9	1	0	1	0	0	0	0	0	1	0	-9	1	0	1	1	1	1	1	0	1
khak1248	0	0	1	0	-9	1	0	1	1	-9	1	1	1	1	-9	-9	0	1	-9	1	1	1	0	0	0	1	0	1	0	0	0	-9	1	-9	1	-9	0	1	0	0	1	0	0	0	0	0	0	0	-9	0	1	1	0	0	-9	1	1	1	0	0	0	-9	1	0	-9	-9	-9	0	0	0	1	0	1	1	0	1	1	1	1	1	0	1
oldu1238	0	0	1	0	-9	1	0	1	1	0	1	1	1	1	1	-9	0	1	1	-9	1	1	0	0	0	1	0	1	0	0	0	0	-9	1	-9	-9	-9	0	1	0	1	0	0	0	0	0	0	1	1	0	1	1	0	0	-9	1	1	1	0	1	0	-9	1	0	-9	0	-9	1	0	0	-9	0	1	1	0	1	1	1	1	1	0	1
nucl1643	0	0	0	0	0	0	0	1	1	0	0	1	0	1	1	0	0	1	1	1	0	1	0	1	1	1	0	0	0	0	1	1	1	1	0	0	1	1	0	0	0	1	0	0	0	0	0	0	0	0	1	0	0	0	1	1	0	1	1	0	0	1	1	0	0	0	1	1	0	0	1	0	0	1	1	1	1	0	1	0	1	1
orok1265	0	0	0	0	-9	1	0	1	1	0	-9	-9	-9	-9	1	0	0	1	1	1	-9	0	-9	0	0	1	0	1	0	0	0	0	1	1	1	-9	0	1	0	0	0	1	0	0	0	0	1	0	-9	0	1	-9	0	0	1	1	0	1	-9	0	-9	-9	1	0	0	0	0	-9	-9	-9	-9	0	1	1	0	1	1	1	1	-9	-9	1
midd1372	0	0	0	0	-9	0	0	1	1	0	0	0	0	-9	1	-9	0	1	1	1	1	-9	-9	-9	-9	1	0	-9	0	0	0	-9	-9	-9	1	-9	0	0	0	0	0	1	0	0	0	0	-9	1	-9	0	-9	0	0	0	-9	1	0	1	0	0	0	1	1	0	0	-9	-9	0	0	0	1	0	1	1	0	1	1	0	1	1	0	1
mogh1245	0	0	0	0	-9	-9	-9	-9	-9	-9	-9	-9	-9	-9	-9	-9	1	1	-9	1	0	0	1	1	0	0	0	1	0	0	-9	-9	-9	-9	1	-9	-9	-9	-9	0	1	0	0	-9	-9	-9	0	1	-9	0	-9	0	0	0	1	-9	-9	-9	-9	-9	0	1	1	0	0	-9	-9	0	0	0	1	0	-9	1	0	1	1	1	1	-9	-9	1
uigh1240	0	0	0	0	0	-9	0	1	1	0	1	1	1	-9	1	0	0	1	1	-9	1	1	0	0	-9	-9	0	-9	0	0	1	-9	-9	-9	-9	-9	-9	0	-9	-9	-9	-9	-9	-9	-9	0	0	0	-9	0	-9	1	0	0	1	-9	0	1	0	0	0	-9	1	0	1	-9	-9	0	0	0	1	0	-9	1	0	1	1	1	1	-9	-9	1
kara1467	0	0	1	0	-9	1	0	1	-9	0	1	1	1	-9	1	-9	0	1	-9	1	0	1	0	0	1	1	0	1	0	0	-9	0	1	0	1	0	0	1	0	0	1	0	0	0	0	0	0	0	-9	0	-9	1	0	0	0	-9	0	1	0	0	0	0	1	0	1	0	0	0	0	0	-9	0	1	1	0	1	1	1	1	-9	-9	1
russ1264	0	0	0	0	0	1	0	1	1	-9	1	1	0	-9	0	-9	0	1	-9	1	-9	1	0	1	-9	-9	0	1	0	1	1	0	-9	-9	1	1	0	1	0	0	1	0	0	0	0	0	0	0	-9	0	-9	0	0	0	1	1	0	1	0	-9	0	-9	1	-9	1	-9	-9	0	0	0	1	0	1	1	-9	1	1	1	1	0	1	1
sout2954	0	0	0	0	-9	-9	0	1	1	-9	0	1	0	1	1	0	0	1	1	1	0	1	0	1	0	1	0	1	-9	0	0	0	1	0	1	0	0	1	0	-9	-9	1	-9	0	0	0	0	0	-9	0	1	0	0	0	-9	1	0	1	0	0	0	-9	1	0	0	0	1	-9	0	0	1	0	1	1	1	1	1	0	1	-9	-9	1
berj1234	0	0	0	0	1	-9	0	1	1	-9	0	0	0	-9	1	-9	1	1	0	-9	0	1	0	-9	0	-9	0	1	0	-9	0	-9	-9	-9	-9	-9	1	1	0	0	1	0	0	0	1	0	1	0	1	0	1	0	0	0	0	-9	1	-9	-9	0	0	-9	1	0	0	0	0	0	0	0	1	0	1	1	0	1	1	1	1	-9	-9	1
kham1281	1	0	0	1	0	-9	-9	-9	0	1	1	1	1	0	-9	-9	0	1	1	-9	-9	1	0	1	0	1	0	1	0	-9	-9	-9	1	1	-9	1	0	1	0	-9	-9	-9	-9	0	0	0	0	-9	-9	0	-9	0	0	0	1	1	0	1	0	0	-9	-9	1	0	1	-9	-9	1	0	0	1	0	1	1	0	1	1	1	1	1	0	1
dolg1241	0	0	1	0	-9	0	0	1	1	0	1	1	1	1	1	1	0	1	1	1	1	1	0	1	0	1	0	1	0	-9	0	0	0	1	0	1	0	1	0	0	1	1	0	0	0	0	0	0	0	0	1	-9	0	0	0	1	0	1	0	0	0	-9	1	0	1	0	0	1	0	0	1	0	1	1	0	1	1	1	1	0	1	1
