	TE003	TE004	TE005	TE006	TE007	TE008	TE031	TE037	TE038	TE039	TE078	TS079	TS080	TS088	GB028	GB030	GB031	GB035	GB037	GB039	GB041	GB042	GB043	GB044	GB046	GB047	GB048	GB049	GB057	GB059	GB068	GB069	GB070	GB071	GB072	GB073	GB079	GB080	GB082	GB083	GB084	GB086	GB089	GB091	GB103	GB105	GB107	GB108	GB110	GB111	GB113	GB114	GB115	GB122	GB147	GB155	GB156	GB158	GB159	GB160	GB166	GB187	GB188	GB196	GB197	GB275	GB296	GB305	GB306	GB312	GB313	GB325	GB333	GB403	GB415	GB431	GB432	GB433	TE018	TE019	TE027	TE052	TE053	TE059	TE066	GB020	GB021	GB022	GB023	GB026	GB027	GB074	GB075	GB117	GB118	GB119	GB120	GB121	GB123	GB126	GB127	GB132	GB133	GB134	GB135	GB136	GB137	GB138	GB139	GB140	GB150	GB151	GB152	GB167	GB184	GB185	GB250	GB252	GB253	GB254	GB256	GB257	GB263	GB264	GB265	GB266	GB273	GB276	GB285	GB286	GB297	GB298	GB299	GB301	GB302	GB304	GB309	GB316	GB318	GB324	GB326	GB327	GB328	GB329	GB330	GB400	GB401	GB408	GB409	GB410	GB421	GB422	GB519	GB520	GB521	GB522	TE050	TE054	TS001	TS002	TS003	TS005	TS006	TS007	TS009	TS010	TS086
okin1246	0	0	0	1	0	1	0	1	0	1	0	0	0	0	0	0	0	1	0	0	0	0	0	0	1	1	1	0	1	-9	-9	-9	1	1	1	1	0	1	1	1	0	1	0	0	0	0	1	0	0	1	1	0	0	-9	1	1	0	-9	-9	-9	0	-9	0	0	0	0	-9	1	1	1	0	0	1	-9	1	0	1	0	0	0	0	0	0	0	0	0	0	0	0	-9	-9	0	1	1	-9	0	1	0	1	1	0	0	1	1	-9	-9	1	0	1	0	1	0	-9	0	0	-9	-9	-9	-9	-9	-9	0	1	0	-9	-9	1	0	0	0	0	0	0	-9	0	1	0	0	0	1	1	0	1	-9	0	0	-9	1	0	0	0	0	0	0	0	1	0	1	1	1	1	1	0	1	-9	-9	1
east2337	1	0	-9	-9	1	0	1	1	1	1	0	1	0	1	1	0	0	0	0	1	0	0	0	1	-9	0	1	0	0	0	0	0	1	1	1	1	0	1	1	1	1	1	0	0	0	0	0	0	0	0	1	0	1	0	1	1	0	0	-9	-9	0	0	0	0	0	0	0	1	-9	1	0	1	1	0	1	0	1	1	1	1	1	1	1	0	1	0	0	0	0	0	-9	0	1	1	1	1	1	1	0	-9	-9	0	1	1	-9	-9	1	0	1	0	1	0	1	0	0	1	-9	-9	-9	-9	-9	0	1	0	0	1	0	0	0	0	0	0	1	-9	0	-9	0	0	0	1	1	0	1	0	0	1	-9	1	0	1	-9	-9	0	0	0	-9	0	-9	-9	-9	1	1	1	1	0	1	1
ulch1241	1	0	1	0	0	1	1	0	1	1	0	-9	-9	0	0	0	0	0	0	0	0	0	0	1	-9	1	1	1	1	1	0	0	1	1	1	1	0	1	1	1	1	1	1	1	0	0	1	0	0	1	1	1	0	1	1	1	0	0	0	1	0	1	0	0	0	0	1	1	-9	1	0	-9	1	-9	1	0	0	1	1	1	0	0	0	0	0	0	0	0	0	0	-9	0	1	1	0	-9	-9	1	-9	0	-9	0	1	-9	1	0	1	0	1	-9	-9	0	1	0	0	1	-9	-9	-9	-9	-9	0	1	1	0	0	1	0	0	0	0	1	1	-9	0	-9	0	0	0	1	-9	0	1	-9	-9	0	-9	1	0	0	-9	-9	0	0	0	-9	-9	1	1	0	-9	1	1	1	-9	-9	1
tara1319	0	0	0	1	1	1	0	1	0	1	0	0	0	0	0	0	0	-9	-9	0	0	0	0	1	-9	-9	-9	-9	1	-9	1	1	1	1	1	1	0	1	1	1	0	0	0	0	0	-9	1	0	-9	1	-9	-9	-9	-9	1	1	0	0	0	1	0	1	0	0	0	-9	-9	-9	-9	1	0	-9	-9	-9	0	0	1	0	0	0	1	0	1	0	0	0	0	0	0	0	-9	0	1	1	-9	0	1	0	-9	-9	-9	0	1	-9	-9	0	1	0	1	1	-9	0	-9	0	0	-9	1	-9	-9	-9	-9	0	1	0	-9	-9	-9	-9	0	0	0	1	0	-9	0	-9	0	0	0	-9	1	0	1	-9	0	0	-9	1	0	0	-9	-9	0	0	0	1	-9	1	-9	-9	1	1	0	1	-9	-9	1
huih1238	0	1	0	0	0	1	1	0	1	1	0	-9	-9	0	1	0	0	0	0	0	-9	0	0	1	1	-9	-9	-9	0	0	0	0	1	1	1	1	0	1	1	1	1	1	1	1	0	0	0	1	0	-9	1	-9	1	-9	1	1	0	0	0	0	0	-9	-9	0	0	0	-9	1	0	1	0	0	1	-9	0	0	1	1	1	1	0	0	1	0	0	0	0	0	0	1	-9	0	1	1	-9	1	1	1	1	-9	0	0	1	1	1	0	0	-9	0	0	1	0	1	0	0	-9	0	1	1	1	1	0	1	0	0	1	0	0	0	0	0	1	-9	-9	0	1	1	0	0	0	1	0	1	0	0	-9	-9	1	0	0	0	0	0	0	0	-9	0	1	1	0	1	1	1	1	-9	-9	1
chuv1255	1	0	0	0	0	0	0	0	1	0	0	0	1	0	0	0	0	1	0	0	0	0	0	1	1	1	0	1	0	1	0	0	1	1	1	1	0	1	1	1	0	0	1	1	0	1	1	0	0	1	1	1	1	0	0	1	0	0	0	1	0	0	0	0	0	1	0	1	0	1	0	0	1	0	1	0	1	1	1	1	-9	1	1	0	1	0	0	0	0	0	0	0	1	0	0	1	1	1	1	0	0	0	1	1	1	1	1	0	1	0	1	0	0	0	0	0	0	0	0	1	0	0	1	0	0	1	0	0	0	0	0	0	0	-9	0	0	1	0	0	0	1	0	1	0	0	1	0	1	0	1	0	0	0	0	0	1	0	1	1	0	1	1	1	1	1	0	1
halh1238	-9	-9	0	0	0	0	1	1	1	1	0	0	0	1	0	0	-9	0	0	1	0	0	0	1	0	1	1	1	0	0	0	0	1	1	1	1	0	1	1	1	0	1	0	0	0	0	1	-9	0	0	1	1	1	0	1	1	0	-9	-9	0	0	0	0	0	0	0	0	1	0	1	1	1	1	0	0	0	1	1	1	1	1	1	1	0	1	0	0	0	0	-9	1	0	1	1	-9	1	1	0	-9	0	0	0	1	-9	1	1	0	0	1	0	1	0	1	0	0	0	0	1	1	0	1	0	1	0	0	1	0	0	0	0	0	-9	1	-9	0	1	0	0	0	1	1	0	1	0	0	0	-9	1	-9	1	0	0	0	0	0	1	0	1	1	1	1	1	1	1	-9	-9	1
kore1280	1	0	0	1	0	0	1	0	0	1	1	0	0	1	0	0	0	1	0	-9	0	0	0	1	1	1	1	1	1	0	1	1	1	0	1	1	0	1	0	1	1	0	0	0	0	1	1	0	-9	1	1	1	1	1	1	1	1	0	1	1	0	1	0	0	0	0	1	1	1	1	0	1	1	-9	1	0	1	0	0	0	1	0	1	1	0	0	0	0	0	-9	0	0	1	1	1	0	1	0	1	1	-9	0	1	1	1	0	0	0	1	1	1	0	1	0	0	0	0	1	0	1	0	0	1	0	0	0	1	1	0	0	0	0	1	0	0	1	1	0	0	0	1	0	1	0	0	0	-9	1	-9	1	0	1	0	0	0	1	0	0	0	1	1	1	0	1	0	1	1
tuvi1240	1	0	0	0	0	0	1	0	1	1	0	0	1	0	0	0	0	0	0	0	0	0	0	1	-9	1	1	1	0	0	-9	-9	1	1	1	1	0	1	1	1	1	1	1	1	0	-9	1	0	0	-9	1	1	1	-9	1	1	0	1	-9	-9	0	1	0	0	0	0	-9	-9	-9	1	1	1	1	0	0	0	1	1	1	1	0	1	0	1	1	0	0	0	0	-9	-9	-9	-9	-9	-9	0	0	0	-9	-9	-9	0	1	-9	-9	-9	1	0	-9	-9	1	0	1	0	0	-9	0	1	0	0	0	0	1	0	0	1	0	0	0	0	0	0	0	-9	0	1	0	0	0	1	-9	-9	-9	-9	-9	0	-9	1	0	1	-9	-9	0	0	0	1	0	-9	1	0	1	1	1	1	-9	-9	1
midd1372	0	1	-9	-9	1	0	1	1	0	0	1	0	0	1	0	0	0	1	0	1	0	0	0	0	0	1	0	1	-9	0	1	1	1	1	1	1	0	1	1	1	0	1	0	0	1	0	-9	0	0	0	1	0	0	1	1	1	0	-9	-9	-9	0	-9	-9	0	0	0	0	1	-9	1	0	1	1	0	1	0	1	0	0	0	1	0	1	1	0	0	0	0	0	-9	0	0	1	1	0	0	0	0	-9	1	-9	0	1	1	1	1	-9	-9	-9	-9	1	0	-9	0	0	0	-9	-9	-9	1	-9	0	0	0	0	0	1	0	0	0	0	-9	1	-9	0	-9	0	0	0	-9	1	0	1	0	0	0	1	1	0	0	-9	-9	0	0	0	1	0	1	1	0	1	1	0	1	1	0	1
