Run;K;LnProbData;meanLnLikelihood;varianceLnLikelihood;meanAlpha
34;7;-2621.0;-2090.6;1060.7;0.0491
48;5;-3988.5;-2215.2;3546.6;0.0611
47;8;-2499.1;-2078.6;840.9;0.0463
23;5;-2329.7;-2168.4;322.7;0.0624
3;5;-2342.9;-2165.6;354.6;0.0611
3;10;-2415.4;-2079.4;671.9;0.0418
24;6;-2535.3;-2120.9;828.9;0.0537
9;9;-2441.8;-2073.1;737.4;0.0431
8;2;-2733.0;-2646.4;173.1;0.1214
33;4;-2346.2;-2188.7;315.1;0.0551
9;10;-2495.6;-2079.4;832.3;0.0409
9;5;-2330.3;-2168.5;323.5;0.0613
26;8;-2547.7;-2086.0;923.4;0.046
29;5;-2339.8;-2165.6;348.5;0.062
42;5;-2346.8;-2163.0;367.7;0.059
2;2;-2732.2;-2646.4;171.5;0.1184
39;4;-2344.0;-2188.5;310.9;0.0542
36;9;-2461.1;-2071.4;779.5;0.043
45;6;-2481.7;-2118.3;726.7;0.0541
10;3;-2507.1;-2384.2;245.9;0.0656
3;9;-2468.2;-2074.9;786.5;0.0429
21;10;-2691.3;-2072.5;1237.6;0.0412
19;9;-2587.7;-2077.6;1020.0;0.0433
16;4;-2347.4;-2188.4;318.0;0.0546
5;4;-2501.0;-2192.0;617.9;0.0563
44;2;-2732.4;-2646.3;172.2;0.1208
11;7;-2680.3;-2089.4;1181.8;0.0485
40;10;-3003.2;-2087.0;1832.6;0.0413
35;3;-2505.8;-2384.5;242.6;0.0662
13;9;-2777.3;-2093.4;1367.8;0.0436
25;2;-2732.1;-2646.5;171.2;0.1179
4;3;-2507.7;-2384.8;245.8;0.0659
5;8;-2452.6;-2075.2;754.8;0.0449
18;4;-2344.5;-2188.0;313.1;0.0535
17;9;-2505.3;-2075.3;860.0;0.0435
44;10;-2663.5;-2097.4;1132.1;0.0412
31;3;-2506.9;-2384.3;245.1;0.0659
1;8;-2662.1;-2087.6;1149.0;0.0458
21;2;-2731.6;-2646.1;170.9;0.1192
1;4;-2347.4;-2188.4;318.1;0.0544
12;4;-2347.4;-2188.3;318.2;0.0538
25;10;-2709.4;-2102.0;1214.8;0.0414
50;3;-2506.9;-2384.5;244.8;0.0661
15;7;-2643.8;-2101.1;1085.3;0.0496
40;2;-2732.1;-2646.5;171.3;0.1179
49;8;-2684.4;-2084.7;1199.5;0.0451
46;5;-2337.6;-2167.1;340.8;0.0621
22;8;-2464.5;-2074.8;779.3;0.0459
7;9;-2508.9;-2072.1;873.6;0.0434
14;3;-2505.8;-2384.2;243.3;0.0648
6;2;-2733.0;-2646.3;173.4;0.1228
32;9;-2639.6;-2088.4;1102.3;0.0431
41;6;-2537.0;-2158.1;757.8;0.0553
27;5;-2329.1;-2166.0;326.4;0.0613
28;8;-2650.9;-2086.1;1129.6;0.0458
7;10;-2444.5;-2074.9;739.2;0.0413
7;5;-2330.1;-2166.7;326.8;0.0616
30;7;-2785.0;-2109.7;1350.6;0.0489
43;8;-2530.7;-2075.2;911.0;0.0457
38;9;-2476.5;-2074.2;804.7;0.0436
37;4;-2347.2;-2188.4;317.5;0.0529
20;6;-2460.9;-2116.6;688.6;0.0544
21;3;-2507.1;-2384.7;244.8;0.0668
18;5;-2499.1;-2170.9;656.5;0.0605
17;8;-2562.1;-2078.2;967.9;0.0456
1;6;-2530.1;-2124.6;811.1;0.0538
31;2;-2732.2;-2646.3;171.9;0.1198
15;6;-2580.7;-2127.8;905.8;0.0522
35;10;-2399.0;-2073.5;651.0;0.0409
40;3;-2505.2;-2384.0;242.4;0.0657
50;2;-2731.1;-2646.0;170.2;0.1205
12;5;-2329.5;-2167.8;323.3;0.0615
14;2;-2732.3;-2646.4;171.8;0.1203
41;7;-2622.1;-2099.8;1044.7;0.0485
32;8;-2573.4;-2078.7;989.4;0.047
7;7;-2513.1;-2101.0;824.1;0.0486
49;9;-2625.2;-2086.7;1076.9;0.0433
46;4;-2347.6;-2188.4;318.5;0.0543
22;9;-2435.1;-2075.3;719.7;0.0427
38;8;-2485.4;-2073.2;824.5;0.0457
37;5;-2346.6;-2165.6;362.1;0.061
20;7;-2499.7;-2110.2;779.0;0.0486
27;4;-2344.3;-2188.1;312.4;0.0528
28;9;-2393.4;-2072.5;641.9;0.0428
10;10;-2637.6;-2079.0;1117.3;0.0414
43;9;-2574.4;-2083.5;981.8;0.0429
30;6;-2601.6;-2123.6;955.9;0.0537
24;7;-2532.4;-2079.5;905.9;0.0488
33;5;-2333.5;-2165.9;335.1;0.0609
48;4;-2473.0;-2191.8;562.2;0.0546
47;9;-2500.1;-2079.0;842.2;0.0429
34;6;-2406.3;-2115.9;580.7;0.0536
9;7;-2596.0;-2093.3;1005.5;0.0495
14;10;-2387.6;-2072.2;630.7;0.0416
23;4;-2347.1;-2188.3;317.6;0.0523
45;7;-2542.0;-2105.6;872.9;0.0497
39;5;-2335.8;-2165.0;341.6;0.0603
36;8;-2693.4;-2084.4;1217.9;0.0462
10;2;-2732.2;-2646.3;171.9;0.1224
26;9;-2864.8;-2097.9;1533.9;0.044
29;4;-2347.1;-2188.7;316.9;0.0531
3;7;-2561.1;-2090.2;941.9;0.0484
42;4;-2348.5;-2188.7;319.7;0.0551
31;10;-2700.1;-2088.0;1224.2;0.0406
44;3;-2508.7;-2384.6;248.2;0.0666
11;6;-2483.3;-2116.7;733.2;0.0532
19;8;-2775.9;-2078.7;1394.3;0.0455
16;5;-2336.5;-2164.5;344.0;0.0591
50;10;-2472.3;-2074.4;795.7;0.0412
25;3;-2508.1;-2384.7;246.8;0.0665
35;2;-2732.8;-2646.2;173.0;0.1227
13;8;-2766.4;-2096.5;1339.8;0.0454
5;6;-2538.7;-2123.7;830.0;0.0538
49;10;-2499.5;-2081.0;836.8;0.0412
6;4;-2346.9;-2188.5;316.8;0.0535
15;4;-2344.8;-2188.2;313.2;0.0544
22;10;-2556.0;-2086.4;939.2;0.0418
12;7;-2705.4;-2102.6;1205.6;0.0496
47;2;-2732.5;-2646.4;172.3;0.1196
28;10;-2591.8;-2085.2;1013.2;0.0412
10;9;-2603.1;-2085.9;1034.4;0.0437
36;3;-2507.1;-2384.5;245.1;0.0657
43;10;-2555.7;-2081.9;947.7;0.0411
6;8;-2920.9;-2117.0;1607.9;0.0467
7;3;-2508.1;-2384.4;247.3;0.0664
26;2;-2732.1;-2646.5;171.2;0.12
18;7;-2580.3;-2099.9;960.9;0.0495
20;5;-2328.0;-2167.4;321.3;0.062
44;8;-2651.4;-2088.2;1126.3;0.046
37;7;-2760.0;-2098.6;1322.8;0.0483
30;4;-2345.1;-2188.2;313.7;0.0531
19;3;-2506.8;-2384.7;244.2;0.0669
27;6;-2653.4;-2130.3;1046.3;0.0551
41;5;-2328.7;-2166.6;324.3;0.0601
25;8;-2554.8;-2074.9;959.9;0.0456
13;3;-2506.4;-2384.7;243.3;0.0665
46;6;-2412.7;-2118.1;589.1;0.0533
35;9;-2647.8;-2092.5;1110.6;0.0437
1;2;-2732.6;-2646.2;172.8;0.1246
21;8;-2526.4;-2078.7;895.4;0.0458
39;7;-2957.5;-2108.0;1699.0;0.05
45;5;-2330.7;-2167.8;325.8;0.0596
42;6;-2614.7;-2131.8;965.8;0.0543
31;9;-2778.3;-2082.1;1392.5;0.0432
5;2;-2731.7;-2646.2;171.0;0.1179
17;3;-2507.3;-2384.7;245.3;0.069
4;9;-2585.9;-2076.9;1018.0;0.0435
29;6;-2652.4;-2153.3;998.3;0.0545
40;8;-2488.4;-2076.8;823.1;0.046
33;7;-2896.5;-2104.9;1583.2;0.0502
4;5;-2333.0;-2167.4;331.2;0.0605
4;10;-2411.6;-2073.6;676.1;0.0413
24;5;-2337.4;-2166.1;342.6;0.0609
23;6;-2438.0;-2117.7;640.5;0.0531
50;9;-2581.9;-2081.5;1000.8;0.044
34;4;-2347.1;-2188.6;317.1;0.0536
48;6;-2624.9;-2131.4;987.0;0.0534
32;3;-2508.0;-2384.6;246.8;0.0657
8;4;-2347.0;-2188.7;316.7;0.0534
47;10;-2725.6;-2087.2;1276.8;0.0413
14;9;-2983.6;-2112.7;1741.7;0.0438
3;3;-2505.2;-2384.4;241.6;0.0658
22;2;-2732.3;-2646.2;172.1;0.1221
2;8;-2609.1;-2103.7;1010.8;0.0464
49;2;-2732.5;-2646.2;172.6;0.1189
26;10;-2693.1;-2089.6;1207.1;0.0416
11;4;-2345.8;-2188.3;315.0;0.0538
2;4;-2345.9;-2187.7;316.4;0.0537
38;3;-2506.7;-2384.2;245.0;0.0661
43;2;-2731.5;-2646.1;170.8;0.1203
8;8;-2526.8;-2076.0;901.7;0.0455
28;2;-2733.0;-2646.3;173.3;0.121
16;7;-2632.0;-2079.6;1104.9;0.0497
9;3;-2505.8;-2384.4;242.8;0.0672
31;8;-2515.4;-2075.5;879.9;0.0457
42;7;-2873.8;-2097.3;1553.1;0.0484
29;7;-2827.3;-2110.7;1433.3;0.0498
17;2;-2733.5;-2646.5;174.0;0.1198
21;9;-2649.3;-2082.2;1134.3;0.0432
19;10;-2669.5;-2089.9;1159.3;0.0411
45;4;-2346.0;-2188.3;315.3;0.0543
4;7;-2478.9;-2077.5;802.7;0.0469
39;6;-2611.6;-2157.3;908.7;0.055
50;8;-2597.1;-2082.4;1029.4;0.0465
23;7;-2486.5;-2102.5;768.0;0.0502
48;7;-5932.7;-2197.1;7471.1;0.0485
34;5;-2328.9;-2169.2;319.5;0.0625
33;6;-2485.0;-2119.2;731.5;0.0538
40;9;-2625.2;-2086.9;1076.6;0.0432
13;10;-2411.2;-2070.5;681.4;0.0415
24;4;-2347.3;-2188.4;317.7;0.0548
22;3;-2507.1;-2384.6;245.1;0.0656
49;3;-2506.0;-2384.3;243.4;0.0658
32;2;-2733.1;-2646.6;173.0;0.1194
2;6;-2394.7;-2114.3;560.8;0.0522
14;8;-2629.3;-2076.2;1106.4;0.0455
43;3;-2505.4;-2384.2;242.5;0.0648
36;10;-2489.8;-2071.6;836.5;0.0411
16;6;-2518.0;-2117.4;801.1;0.0523
28;3;-2505.8;-2384.0;243.6;0.0647
11;5;-2329.9;-2167.0;326.0;0.0606
8;6;-2369.6;-2112.2;514.8;0.0521
38;2;-2731.7;-2646.1;171.2;0.1216
12;6;-2511.2;-2119.3;783.9;0.0528
47;3;-2508.1;-2384.6;247.2;0.0663
32;10;-2609.3;-2101.0;1016.6;0.0413
15;5;-2336.6;-2166.3;340.6;0.0619
38;10;-2422.5;-2076.0;693.0;0.0419
18;6;-2440.2;-2118.6;643.2;0.0512
26;3;-2507.3;-2384.5;245.7;0.0653
6;6;-2633.4;-2129.4;1007.8;0.0527
10;8;-2585.8;-2083.6;1004.5;0.0463
36;2;-2732.2;-2646.2;172.0;0.1201
30;5;-2337.9;-2166.3;343.3;0.0607
27;7;-2615.9;-2095.3;1041.3;0.0503
19;2;-2732.3;-2646.3;172.1;0.1225
20;4;-2346.4;-2188.6;315.5;0.0535
17;10;-2646.1;-2083.1;1125.9;0.042
37;6;-2610.2;-2122.9;974.5;0.0534
44;9;-2447.4;-2072.0;750.8;0.0434
13;2;-2731.8;-2646.3;171.1;0.1211
35;8;-2480.3;-2072.0;816.7;0.0449
46;7;-2699.8;-2098.6;1202.4;0.0492
41;4;-2347.9;-2188.1;319.5;0.0536
25;9;-2482.2;-2075.4;813.6;0.0429
6;3;-2507.8;-2384.4;246.7;0.0668
19;7;-2543.2;-2103.2;879.9;0.0494
27;2;-2732.5;-2646.3;172.4;0.1197
7;8;-2561.6;-2083.5;956.1;0.045
37;3;-2505.5;-2384.2;242.7;0.0663
42;10;-2520.2;-2074.2;892.0;0.0416
11;9;-2752.2;-2080.5;1343.5;0.0433
29;10;-2444.4;-2074.0;740.8;0.0414
46;2;-2732.2;-2646.3;171.9;0.1194
13;7;-2664.1;-2089.7;1148.8;0.0488
23;10;-2486.0;-2081.9;808.1;0.0415
14;4;-2348.0;-2188.4;319.0;0.0551
48;10;-2556.3;-2081.3;949.9;0.041
7;4;-2346.7;-2188.4;316.5;0.0541
47;6;-2523.7;-2120.1;807.1;0.052
34;9;-2639.0;-2089.4;1099.1;0.0436
50;4;-2886.3;-2203.9;1364.7;0.0554
12;3;-2506.3;-2384.6;243.3;0.0641
1;9;-2420.6;-2074.4;692.4;0.0434
24;8;-2529.1;-2076.5;905.0;0.0452
40;5;-2334.4;-2167.6;333.6;0.0605
26;6;-2411.3;-2116.4;589.8;0.0544
18;3;-2508.0;-2384.7;246.6;0.0675
31;4;-2347.0;-2188.4;317.2;0.0528
45;8;-2651.8;-2092.3;1119.0;0.0459
36;7;-2591.6;-2090.1;1002.9;0.0492
1;5;-2327.5;-2167.1;320.6;0.062
1;10;-2419.0;-2076.8;684.4;0.0415
21;5;-2339.7;-2166.0;347.4;0.0603
35;4;-4235.9;-2210.2;4051.3;0.0561
49;6;-2630.8;-2133.5;994.6;0.0531
22;6;-2701.2;-2136.1;1130.2;0.054
5;10;-2524.8;-2082.8;883.8;0.0417
5;5;-2335.3;-2165.8;338.9;0.0596
25;5;-2336.6;-2166.2;340.9;0.0607
41;8;-2427.9;-2072.8;710.1;0.0463
32;7;-2603.5;-2091.2;1024.6;0.0493
5;9;-2609.8;-2085.1;1049.4;0.0436
28;6;-2622.6;-2127.1;991.0;0.0549
16;3;-2507.1;-2384.4;245.3;0.0642
43;6;-2704.0;-2144.4;1119.1;0.0538
4;2;-2732.5;-2646.3;172.4;0.1231
30;9;-2506.2;-2073.4;865.6;0.0429
38;7;-2636.5;-2102.4;1068.3;0.0489
44;5;-2340.6;-2165.4;350.5;0.0599
20;8;-2612.1;-2079.3;1065.6;0.0454
17;7;-2809.6;-2103.6;1412.0;0.0509
29;2;-2732.6;-2646.4;172.5;0.1201
8;3;-2510.0;-2384.5;250.9;0.0666
9;8;-2643.8;-2090.0;1107.4;0.0455
42;2;-2732.3;-2646.4;171.7;0.1188
39;3;-2506.5;-2384.3;244.5;0.0659
3;4;-2345.6;-2188.1;314.8;0.0541
10;4;-2482.8;-2191.9;581.7;0.0544
27;10;-2391.1;-2071.7;638.8;0.0411
48;2;-2733.3;-2646.4;173.8;0.1193
3;8;-2781.2;-2094.7;1372.9;0.0456
2;3;-2507.1;-2384.1;245.9;0.065
23;2;-2732.6;-2646.3;172.6;0.121
15;9;-2688.8;-2084.4;1208.9;0.0431
9;4;-2347.4;-2188.5;317.8;0.0545
33;3;-2507.2;-2384.4;245.6;0.0656
46;10;-2480.0;-2078.9;802.2;0.041
25;4;-2346.3;-2187.9;316.7;0.0536
12;10;-2403.4;-2070.7;665.5;0.0406
32;6;-2606.2;-2123.9;964.6;0.0535
41;9;-2638.6;-2081.8;1113.5;0.0423
49;7;-2567.2;-2082.3;969.7;0.0483
35;5;-2366.5;-2167.4;398.4;0.0613
22;7;-2545.0;-2103.4;883.3;0.0477
44;4;-2345.5;-2188.7;313.6;0.0534
38;6;-2551.2;-2127.0;848.5;0.0544
5;7;-2552.2;-2089.5;925.5;0.0487
18;10;-2523.5;-2079.7;887.6;0.0417
20;9;-2551.7;-2086.6;930.1;0.0437
16;2;-2732.8;-2646.2;173.1;0.1222
28;7;-2728.7;-2141.0;1175.5;0.0502
30;8;-2516.2;-2073.8;884.9;0.0456
43;7;-2617.0;-2099.7;1034.7;0.0479
39;2;-2732.3;-2646.4;172.0;0.121
10;5;-2328.1;-2168.3;319.7;0.0611
9;6;-2698.7;-2138.4;1120.7;0.0544
29;3;-2508.9;-2384.4;249.0;0.0671
17;6;-2711.7;-2144.5;1134.5;0.0549
42;3;-2506.3;-2384.5;243.7;0.065
37;10;-2497.1;-2076.0;842.1;0.0412
3;6;-2557.2;-2125.2;864.1;0.0529
15;8;-2750.7;-2089.4;1322.6;0.0466
33;2;-2732.6;-2646.3;172.6;0.121
48;3;-2507.0;-2384.6;244.8;0.0676
23;3;-2506.3;-2384.5;243.7;0.0669
37;2;-2732.2;-2646.3;171.8;0.1223
7;6;-2689.6;-2133.3;1112.5;0.052
11;8;-2676.4;-2076.8;1199.3;0.0464
27;3;-2506.0;-2384.6;242.6;0.066
19;6;-2703.1;-2134.9;1136.5;0.0543
39;10;-2509.6;-2081.9;855.5;0.0418
14;5;-2329.1;-2168.3;321.6;0.0605
46;3;-2506.6;-2384.5;244.1;0.0658
33;10;-2542.7;-2084.1;917.2;0.0418
13;6;-2399.3;-2114.3;570.0;0.0512
24;9;-2488.8;-2072.6;832.4;0.0432
40;4;-2346.8;-2188.2;317.0;0.0526
1;7;-2496.9;-2074.3;845.3;0.0481
34;8;-2850.1;-2092.3;1515.7;0.0457
47;7;-2603.9;-2085.7;1036.3;0.0482
12;2;-2732.5;-2646.4;172.2;0.1215
50;5;-2335.6;-2165.7;339.9;0.0606
36;6;-2494.7;-2118.6;752.3;0.0528
45;9;-2484.3;-2077.7;813.1;0.0432
16;10;-2690.4;-2094.8;1191.1;0.0421
21;4;-2347.2;-2188.2;317.8;0.0539
18;2;-2731.3;-2646.2;170.1;0.121
26;7;-2898.4;-2096.6;1603.6;0.0498
31;5;-2331.7;-2168.6;326.2;0.0622
2;9;-2789.2;-2086.3;1405.7;0.0434
11;3;-2516.7;-2384.9;263.7;0.0663
37;9;-2614.1;-2087.0;1054.2;0.0443
3;2;-2731.4;-2646.2;170.3;0.1218
38;4;-2348.2;-2188.6;319.3;0.0551
44;6;-2588.3;-2127.3;922.0;0.0528
43;5;-2332.1;-2168.0;328.3;0.0628
8;5;-2332.6;-2166.6;332.0;0.0614
8;10;-2695.4;-2080.6;1229.7;0.0411
28;5;-2346.8;-2166.4;360.7;0.0616
27;8;-2909.4;-2091.1;1636.6;0.0468
9;2;-2731.4;-2646.3;170.3;0.1187
32;4;-2345.7;-2188.5;314.3;0.053
25;6;-2514.8;-2163.5;702.7;0.0554
8;9;-2803.9;-2092.7;1422.3;0.0437
22;5;-2339.4;-2166.0;346.8;0.0606
2;10;-2629.6;-2083.2;1092.8;0.0414
2;5;-2337.7;-2168.4;338.5;0.0619
35;7;-2680.2;-2096.9;1166.5;0.0498
46;8;-2643.0;-2086.2;1113.6;0.0452
49;5;-2327.9;-2168.3;319.3;0.0614
4;8;-2663.4;-2083.5;1159.8;0.0463
24;2;-2733.0;-2646.3;173.5;0.1194
5;3;-2510.1;-2384.9;250.4;0.0665
12;9;-2666.8;-2095.7;1142.3;0.0431
41;10;-2569.5;-2075.6;987.9;0.0421
34;3;-2507.0;-2384.8;244.5;0.0673
10;7;-2953.5;-2098.3;1710.4;0.0495
45;2;-2732.5;-2646.3;172.4;0.1234
4;4;-2347.0;-2188.3;317.5;0.0541
17;4;-2347.0;-2188.3;317.4;0.0557
18;9;-2485.6;-2071.8;827.7;0.0435
20;10;-2566.7;-2085.5;962.4;0.0416
41;2;-2815.7;-2648.2;335.0;0.1289
14;7;-2498.9;-2123.9;750.1;0.0495
24;10;-2420.3;-2075.1;690.5;0.0415
13;4;-2345.4;-2188.6;313.7;0.0538
20;2;-2732.1;-2646.4;171.3;0.1206
1;3;-2505.8;-2384.3;242.9;0.0658
45;10;-2396.4;-2076.8;639.1;0.0412
30;3;-2506.7;-2384.2;244.9;0.0649
16;9;-2494.5;-2074.3;840.5;0.0426
19;4;-2344.2;-2188.4;311.5;0.0538
21;6;-2676.9;-2141.2;1071.3;0.0545
36;4;-2345.3;-2188.5;313.7;0.0543
39;9;-2460.0;-2072.2;775.6;0.0428
31;7;-2477.0;-2108.0;738.0;0.05
42;8;-2544.1;-2080.1;927.9;0.0464
29;8;-2682.9;-2085.7;1194.4;0.0457
26;5;-2331.0;-2166.7;328.5;0.0608
6;5;-2852.5;-2178.0;1349.1;0.0616
6;10;-2441.0;-2069.7;742.6;0.0415
33;9;-2623.1;-2082.2;1081.8;0.0426
7;2;-2732.2;-2646.4;171.7;0.1185
40;6;-2625.1;-2126.8;996.6;0.0537
15;3;-2622.8;-2389.2;467.2;0.0679
6;9;-2494.8;-2073.6;842.3;0.0431
50;7;-2678.7;-2100.8;1155.8;0.0495
23;8;-2649.0;-2088.3;1121.4;0.0459
47;5;-2333.0;-2166.1;333.8;0.0599
48;8;-2551.9;-2075.4;952.9;0.0459
13;5;-2334.3;-2168.3;332.0;0.0609
34;10;-2390.9;-2072.4;637.1;0.0419
41;3;-2507.1;-2384.6;245.1;0.0667
14;6;-2696.4;-2131.9;1128.9;0.0538
30;2;-2731.3;-2646.1;170.4;0.1191
16;8;-2395.9;-2071.5;648.9;0.0459
19;5;-2324.8;-2167.8;313.9;0.0625
20;3;-2509.1;-2385.0;248.2;0.0663
42;9;-2670.7;-2092.8;1155.8;0.0438
31;6;-2493.6;-2119.3;748.5;0.053
11;10;-2864.4;-2105.1;1518.7;0.0416
29;9;-2599.1;-2085.0;1028.1;0.0432
26;4;-2346.2;-2188.4;315.7;0.0541
21;7;-3073.2;-2109.5;1927.4;0.0503
36;5;-2342.9;-2166.8;352.2;0.0611
39;8;-2554.0;-2087.9;932.1;0.0469
23;9;-2525.4;-2079.0;892.9;0.0435
50;6;-2731.0;-2136.3;1189.4;0.0538
6;7;-2489.7;-2122.7;734.1;0.051
47;4;-2345.5;-2188.3;314.5;0.0545
48;9;-2447.0;-2069.5;755.0;0.0429
40;7;-2608.7;-2080.7;1056.0;0.0499
33;8;-2712.5;-2101.1;1222.9;0.0465
15;2;-2733.2;-2646.6;173.2;0.1167
2;7;-2583.5;-2098.2;970.5;0.0481
43;4;-2345.5;-2188.6;313.8;0.0532
28;4;-2345.0;-2188.4;313.4;0.0555
27;9;-2642.6;-2097.4;1090.2;0.0432
11;2;-2732.7;-2646.4;172.7;0.1195
44;7;-2901.0;-2109.4;1583.1;0.0492
37;8;-2556.8;-2079.2;955.4;0.0463
38;5;-2334.6;-2164.8;339.6;0.0603
22;4;-3050.6;-2256.8;1587.7;0.0684
15;10;-2479.7;-2077.3;804.8;0.0416
46;9;-2459.4;-2069.2;780.3;0.0428
49;4;-2654.4;-2195.7;917.3;0.0558
8;7;-2607.5;-2094.8;1025.3;0.0488
35;6;-2640.5;-2128.2;1024.7;0.0534
32;5;-2331.3;-2166.3;330.1;0.0623
25;7;-2621.9;-2089.1;1065.7;0.0491
12;8;-2590.0;-2083.4;1013.4;0.0466
4;6;-2387.5;-2113.5;548.1;0.0522
34;2;-3207.1;-2659.1;1096.0;0.1605
24;3;-2508.2;-2384.8;246.7;0.0672
17;5;-2335.4;-2166.1;338.6;0.0608
18;8;-2511.9;-2076.0;871.8;0.0454
10;6;-2648.2;-2155.5;985.5;0.0561
30;10;-2495.0;-2080.0;830.0;0.0421
45;3;-2505.7;-2384.6;242.1;0.0662