Feature	PercentMissing	ProportionPresent	Pop1	Pop2	Pop3	Pop4
TE003	3.3	0.369	0.376	0.078	0.022	0.981
TE004	3.3	0.183	0.163	0.624	0.009	0.004
TE005	18.3	0.243	0.225	0.852	0.012	0.008
TE006	26.7	0.468	0.495	0.040	0.892	0.018
TE007	6.7	0.348	0.369	0.032	0.295	0.007
TE008	1.7	0.537	0.488	0.959	0.911	0.925
TE031	1.7	0.754	0.785	0.980	0.039	0.868
TE037	1.7	0.464	0.463	0.138	0.605	0.864
TE038	1.7	0.630	0.650	0.675	0.033	0.993
TE039	5.0	0.568	0.556	0.885	0.967	0.520
TE078	3.3	0.244	0.265	0.020	0.012	0.005
TS079	10.0	0.152	0.131	0.457	0.007	0.003
TS080	10.0	0.266	0.239	0.231	0.012	0.914
TS088	1.7	0.575	0.648	0.050	0.030	0.056	