Feature	PercentMissing	ProportionPresent	Pop1	Pop2	Pop3	Pop4
GB028	5.0	0.318	0.039	0.010	0.607	0.638
GB030	5.0	0.128	0.093	0.004	0.013	0.015
GB031	6.7	0.192	0.111	0.087	0.024	0.025
GB035	8.3	0.303	0.753	0.529	0.033	0.040
GB037	8.3	0.178	0.024	0.049	0.019	0.091
GB039	5.0	0.365	0.410	0.012	0.134	0.618
GB041	11.7	0.132	0.016	0.005	0.017	0.083
GB042	0.0	0.127	0.013	0.004	0.013	0.079
GB043	0.0	0.125	0.013	0.004	0.013	0.078
GB044	1.7	0.650	0.394	0.988	0.669	0.829
GB046	48.3	0.728	0.745	0.964	0.961	0.667
GB047	31.7	0.796	0.844	0.992	0.963	0.880
GB048	38.3	0.699	0.672	0.893	0.802	0.934
GB049	33.3	0.721	0.638	0.988	0.862	0.880
GB057	8.3	0.478	0.930	0.049	0.413	0.178
GB059	6.7	0.193	0.022	0.012	0.733	0.038
GB068	10.0	0.290	0.827	0.177	0.028	0.034
GB069	10.0	0.181	0.714	0.007	0.017	0.021
GB070	0.0	0.874	0.978	0.996	0.952	0.963
GB071	1.7	0.873	0.920	0.996	0.987	0.985
GB072	0.0	0.875	0.977	0.996	0.953	0.964
GB073	3.3	1.000	1.000	1.000	1.000	1.000
GB079	0.0	0.125	0.076	0.004	0.013	0.015
GB080	0.0	1.000	1.000	1.000	1.000	1.000
GB082	1.7	0.677	0.767	0.924	0.877	0.813
GB083	0.0	0.821	0.920	0.994	0.902	0.979
GB084	5.0	0.510	0.189	0.717	0.945	0.222
GB086	5.0	0.662	0.830	0.633	0.759	0.896
GB089	0.0	0.572	0.055	0.986	0.946	0.460
GB091	0.0	0.575	0.056	0.986	0.946	0.460
GB103	1.7	0.138	0.142	0.004	0.013	0.017
GB105	10.0	0.239	0.174	0.017	0.035	0.215
GB107	5.0	0.679	0.967	0.990	0.483	0.269
GB108	6.7	0.247	0.153	0.008	0.606	0.040
GB110	23.3	0.140	0.179	0.005	0.015	0.018
GB111	15.0	0.484	0.888	0.025	0.937	0.095
GB113	16.7	1.000	1.000	1.000	1.000	1.000
GB114	23.3	0.454	0.170	0.974	0.474	0.177
GB115	20.0	0.648	0.339	0.960	0.794	0.872
GB122	33.3	0.253	0.724	0.012	0.140	0.035
GB147	3.3	0.777	0.977	0.989	0.888	0.647
GB155	6.7	1.000	1.000	1.000	1.000	1.000
GB156	3.3	0.125	0.075	0.004	0.014	0.014
GB158	33.3	0.272	0.295	0.066	0.039	0.125
GB159	33.3	0.285	0.294	0.204	0.042	0.111
GB160	35.0	0.618	0.860	0.861	0.661	0.564
GB166	0.0	0.125	0.012	0.004	0.013	0.078
GB187	25.0	0.819	0.980	0.983	0.964	0.654
GB188	26.7	0.265	0.099	0.013	0.366	0.119
GB196	5.0	0.127	0.094	0.004	0.013	0.015
GB197	5.0	0.129	0.094	0.004	0.013	0.015
GB275	25.0	0.299	0.058	0.464	0.311	0.121
GB296	31.7	0.477	0.708	0.169	0.710	0.190
GB305	16.7	0.868	0.981	0.938	0.986	0.983
GB306	43.3	0.221	0.547	0.010	0.088	0.048
GB312	0.0	0.876	0.988	0.996	0.988	0.921
GB313	8.3	0.256	0.118	0.271	0.027	0.117
GB325	31.7	0.376	0.481	0.298	0.058	0.371
GB333	16.7	1.000	1.000	1.000	1.000	1.000
GB403	33.3	0.183	0.565	0.007	0.032	0.025
GB415	5.0	0.397	0.541	0.348	0.097	0.278
GB431	0.0	0.125	0.076	0.004	0.013	0.014
GB432	0.0	0.734	0.969	0.914	0.363	0.926
GB433	1.7	0.735	0.070	0.992	0.957	0.955
TE018	6.7	0.613	0.075	0.817	0.885	0.952
TE019	5.0	0.638	0.077	0.968	0.960	0.828
TE027	10.0	0.444	0.364	0.441	0.142	0.612
TE052	8.3	0.487	0.051	0.978	0.142	0.853
TE053	5.0	0.655	0.669	0.258	0.711	0.962
TE059	13.3	0.294	0.183	0.120	0.250	0.052
TE066	0.0	0.525	0.055	0.985	0.085	0.947