Feature	PercentMissing	ProportionPresent	Pop1	Pop2	Pop3	Pop4
GB020	0.0	0.154	0.154	0.005	0.009	0.082
GB021	0.0	0.124	0.123	0.005	0.008	0.053
GB022	1.7	0.252	0.251	0.009	0.604	0.106
GB023	0.0	0.182	0.182	0.006	0.010	0.106
GB026	51.7	0.423	0.426	0.040	0.388	0.214
GB027	43.3	0.513	0.513	0.070	0.481	0.860
GB074	5.0	0.095	0.093	0.004	0.031	0.016
GB075	6.7	1.000	1.000	1.000	1.000	1.000
GB117	16.7	0.814	0.816	0.980	0.879	0.932
GB118	38.3	0.340	0.339	0.392	0.133	0.227
GB119	6.7	0.593	0.592	0.117	0.938	0.871
GB120	6.7	0.513	0.511	0.799	0.848	0.751
GB121	5.0	0.494	0.495	0.051	0.759	0.618
GB123	53.3	0.742	0.743	0.985	0.974	0.296
GB126	31.7	0.553	0.552	0.962	0.915	0.339
GB127	60.0	0.196	0.195	0.011	0.081	0.236
GB132	0.0	0.198	0.198	0.007	0.054	0.025
GB133	0.0	1.000	1.000	1.000	1.000	1.000
GB134	23.3	0.852	0.853	0.994	0.963	0.980
GB135	36.7	0.666	0.662	0.980	0.899	0.921
GB136	31.7	0.368	0.365	0.037	0.872	0.603
GB137	3.3	0.617	0.614	0.973	0.975	0.401
GB138	6.7	0.134	0.135	0.007	0.012	0.025
GB139	15.0	0.675	0.674	0.983	0.201	0.945
GB140	18.3	0.158	0.155	0.437	0.035	0.028
GB150	13.3	0.821	0.821	0.993	0.975	0.943
GB151	1.7	0.088	0.088	0.003	0.005	0.008
GB152	11.7	0.746	0.747	0.959	0.771	0.900
GB167	6.7	0.124	0.123	0.027	0.007	0.035
GB184	11.7	0.263	0.264	0.010	0.016	0.163
GB185	33.3	0.452	0.453	0.082	0.140	0.582
GB250	31.7	0.121	0.119	0.479	0.008	0.016
GB252	36.7	0.744	0.744	0.979	0.632	0.903
GB253	36.7	0.652	0.655	0.147	0.145	0.931
GB254	30.0	0.487	0.486	0.389	0.954	0.174
GB256	41.7	0.287	0.286	0.026	0.031	0.816
GB257	16.7	0.362	0.364	0.168	0.253	0.042
GB263	8.3	0.730	0.729	0.978	0.920	0.886
GB264	10.0	0.170	0.170	0.028	0.027	0.055
GB265	18.3	0.086	0.085	0.028	0.005	0.011
GB266	20.0	0.840	0.842	0.084	0.991	0.960
GB273	15.0	0.306	0.305	0.964	0.027	0.174
GB276	23.3	0.155	0.153	0.052	0.163	0.024
GB285	10.0	0.099	0.099	0.003	0.006	0.011
GB286	8.3	0.251	0.252	0.021	0.016	0.133
GB297	6.7	0.097	0.096	0.003	0.005	0.011
GB298	3.3	0.448	0.452	0.238	0.039	0.206
GB299	8.3	0.352	0.351	0.036	0.037	0.820
GB301	73.3	0.414	0.414	0.053	0.886	0.177
GB302	1.7	0.088	0.086	0.003	0.006	0.045
GB304	31.7	0.769	0.770	0.988	0.943	0.723
GB309	6.7	0.431	0.433	0.025	0.850	0.141
GB316	0.0	0.081	0.081	0.003	0.004	0.018
GB318	0.0	0.087	0.086	0.003	0.004	0.018
GB324	26.7	0.544	0.545	0.453	0.264	0.656
GB326	35.0	0.754	0.753	0.986	0.857	0.957
GB327	13.3	0.272	0.273	0.010	0.353	0.042
GB328	13.3	0.894	0.894	0.995	0.991	0.974
GB329	31.7	0.332	0.336	0.071	0.029	0.084
GB330	25.0	0.109	0.108	0.005	0.027	0.020
GB400	10.0	0.184	0.182	0.007	0.169	0.085
GB401	76.7	0.390	0.390	0.826	0.106	0.331
GB408	0.0	0.918	0.919	0.981	0.994	0.989
GB409	8.3	0.093	0.092	0.013	0.005	0.012
GB410	8.3	0.540	0.538	0.036	0.897	0.882
GB421	43.3	0.137	0.135	0.008	0.516	0.023
GB422	46.7	0.193	0.191	0.863	0.057	0.039
GB519	5.0	0.226	0.223	0.180	0.342	0.060
GB520	1.7	0.122	0.121	0.018	0.048	0.014
GB521	1.7	0.157	0.155	0.006	0.049	0.137
GB522	16.7	0.895	0.895	0.996	0.994	0.985
TE050	10.0	0.137	0.136	0.038	0.009	0.017
TE054	26.7	0.715	0.714	0.926	0.979	0.870
TS001	8.3	0.902	0.905	0.836	0.995	0.989
TS002	11.7	0.298	0.297	0.914	0.015	0.133
TS003	1.7	1.000	1.000	1.000	1.000	1.000
TS005	1.7	1.000	1.000	1.000	1.000	1.000
TS006	1.7	0.795	0.796	0.035	0.990	0.972
TS007	3.3	1.000	1.000	1.000	1.000	1.000
TS009	50.0	0.693	0.694	0.719	0.970	0.494
TS010	53.3	0.490	0.493	0.505	0.049	0.603
TS086	0.0	1.000	1.000	1.000	1.000	1.000